% f evaluations | g evaluations | best noise-free fitness - Fopt (-6.211100000000e+02) + sum g_i+ | measured fitness | best measured fitness or single-digit g-values | x1 | x2...
1 0 +3.376135147e+08 +3.376128936e+08 +3.376128936e+08
2 0 +1.940585907e+08 +1.940579696e+08 +1.940579696e+08
3 0 +1.154346892e+08 +1.154340681e+08 +1.154340681e+08
5 0 +1.062717824e+08 +1.062711613e+08 +1.062711613e+08
6 0 +5.410507792e+07 +5.410445681e+07 +5.410445681e+07
7 0 +3.836915624e+07 +3.836853513e+07 +3.836853513e+07
51 0 +3.657823910e+07 +3.657761799e+07 +3.657761799e+07
60 0 +3.025265379e+07 +3.025203268e+07 +3.025203268e+07
63 0 +2.547600170e+07 +2.547538059e+07 +2.547538059e+07
92 0 +2.060999197e+07 +2.060937086e+07 +2.060937086e+07
95 0 +1.574862373e+07 +1.574800262e+07 +1.574800262e+07
100 0 +1.171244792e+07 +1.171182681e+07 +1.171182681e+07
114 0 +1.076516298e+07 +1.076454187e+07 +1.076454187e+07
153 0 +1.054942137e+07 +1.054880026e+07 +1.054880026e+07
160 0 +6.699734330e+06 +6.699113220e+06 +6.699113220e+06
192 0 +3.494876625e+06 +3.494255515e+06 +3.494255515e+06
250 0 +3.494876625e+06 +3.494255515e+06 +3.494255515e+06
% f evaluations | g evaluations | best noise-free fitness - Fopt (-2.548200000000e+02) + sum g_i+ | measured fitness | best measured fitness or single-digit g-values | x1 | x2...
1 0 +9.689469606e+09 +9.689469351e+09 +9.689469351e+09
2 0 +1.525469250e+08 +1.525466702e+08 +1.525466702e+08
13 0 +5.605948100e+07 +5.605922618e+07 +5.605922618e+07
52 0 +5.327211957e+07 +5.327186475e+07 +5.327186475e+07
54 0 +2.140681686e+07 +2.140656204e+07 +2.140656204e+07
55 0 +2.079922384e+07 +2.079896902e+07 +2.079896902e+07
69 0 +1.360346997e+07 +1.360321515e+07 +1.360321515e+07
74 0 +1.103815544e+07 +1.103790062e+07 +1.103790062e+07
128 0 +7.417394603e+06 +7.417139783e+06 +7.417139783e+06
178 0 +7.215696860e+06 +7.215442040e+06 +7.215442040e+06
234 0 +5.123725713e+06 +5.123470893e+06 +5.123470893e+06
250 0 +5.123725713e+06 +5.123470893e+06 +5.123470893e+06
% f evaluations | g evaluations | best noise-free fitness - Fopt (5.661000000000e+01) + sum g_i+ | measured fitness | best measured fitness or single-digit g-values | x1 | x2...
1 0 +2.475331637e+09 +2.475331694e+09 +2.475331694e+09
5 0 +6.444139561e+08 +6.444140127e+08 +6.444140127e+08
6 0 +1.429501409e+08 +1.429501975e+08 +1.429501975e+08
15 0 +9.561445088e+07 +9.561450749e+07 +9.561450749e+07
28 0 +8.885169042e+07 +8.885174703e+07 +8.885174703e+07
30 0 +8.750257186e+07 +8.750262847e+07 +8.750262847e+07
56 0 +6.301194370e+07 +6.301200031e+07 +6.301200031e+07
60 0 +6.050705031e+07 +6.050710692e+07 +6.050710692e+07
66 0 +3.410921045e+07 +3.410926706e+07 +3.410926706e+07
87 0 +2.569000627e+07 +2.569006288e+07 +2.569006288e+07
97 0 +2.170210469e+07 +2.170216130e+07 +2.170216130e+07
102 0 +1.572351994e+07 +1.572357655e+07 +1.572357655e+07
148 0 +1.194786284e+07 +1.194791945e+07 +1.194791945e+07
177 0 +9.525975313e+06 +9.526031923e+06 +9.526031923e+06
250 0 +9.525975313e+06 +9.526031923e+06 +9.526031923e+06
% f evaluations | g evaluations | best noise-free fitness - Fopt (-1.810000000000e+01) + sum g_i+ | measured fitness | best measured fitness or single-digit g-values | x1 | x2...
1 0 +2.233464763e+08 +2.233464582e+08 +2.233464582e+08
3 0 +1.314345751e+08 +1.314345570e+08 +1.314345570e+08
4 0 +1.202348216e+08 +1.202348035e+08 +1.202348035e+08
11 0 +9.088957557e+07 +9.088955747e+07 +9.088955747e+07
15 0 +3.344083886e+07 +3.344082076e+07 +3.344082076e+07
59 0 +2.360384105e+07 +2.360382295e+07 +2.360382295e+07
73 0 +2.126200168e+07 +2.126198358e+07 +2.126198358e+07
96 0 +1.208718080e+07 +1.208716270e+07 +1.208716270e+07
112 0 +1.185644974e+07 +1.185643164e+07 +1.185643164e+07
161 0 +1.043042080e+07 +1.043040270e+07 +1.043040270e+07
169 0 +9.093981649e+06 +9.093963549e+06 +9.093963549e+06
208 0 +3.464362059e+06 +3.464343959e+06 +3.464343959e+06
250 0 +3.464362059e+06 +3.464343959e+06 +3.464343959e+06
% f evaluations | g evaluations | best noise-free fitness - Fopt (3.777000000000e+01) + sum g_i+ | measured fitness | best measured fitness or single-digit g-values | x1 | x2...
1 0 +1.520908409e+08 +1.520908787e+08 +1.520908787e+08
22 0 +1.328363731e+08 +1.328364109e+08 +1.328364109e+08
29 0 +3.431440378e+07 +3.431444155e+07 +3.431444155e+07
64 0 +2.886799179e+07 +2.886802956e+07 +2.886802956e+07
81 0 +2.793974513e+07 +2.793978290e+07 +2.793978290e+07
91 0 +1.246179130e+07 +1.246182907e+07 +1.246182907e+07
96 0 +8.159965508e+06 +8.160003278e+06 +8.160003278e+06
98 0 +8.040463563e+06 +8.040501333e+06 +8.040501333e+06
161 0 +7.557090987e+06 +7.557128757e+06 +7.557128757e+06
196 0 +7.219554849e+06 +7.219592619e+06 +7.219592619e+06
250 0 +7.219554849e+06 +7.219592619e+06 +7.219592619e+06
% f evaluations | g evaluations | best noise-free fitness - Fopt (-6.325500000000e+02) + sum g_i+ | measured fitness | best measured fitness or single-digit g-values | x1 | x2...
1 0 +1.145216443e+08 +1.145210118e+08 +1.145210118e+08
7 0 +8.179351712e+07 +8.179288457e+07 +8.179288457e+07
12 0 +7.647811724e+07 +7.647748469e+07 +7.647748469e+07
26 0 +4.274930454e+07 +4.274867199e+07 +4.274867199e+07
37 0 +3.834020393e+07 +3.833957138e+07 +3.833957138e+07
51 0 +2.507238918e+07 +2.507175663e+07 +2.507175663e+07
57 0 +1.879876826e+07 +1.879813571e+07 +1.879813571e+07
65 0 +1.721796325e+07 +1.721733070e+07 +1.721733070e+07
80 0 +1.515130403e+07 +1.515067148e+07 +1.515067148e+07
87 0 +8.283471761e+06 +8.282839211e+06 +8.282839211e+06
138 0 +5.664023517e+06 +5.663390967e+06 +5.663390967e+06
152 0 +4.594586661e+06 +4.593954111e+06 +4.593954111e+06
250 0 +4.594586661e+06 +4.593954111e+06 +4.593954111e+06
% f evaluations | g evaluations | best noise-free fitness - Fopt (-8.530000000000e+01) + sum g_i+ | measured fitness | best measured fitness or single-digit g-values | x1 | x2...
1 0 +1.906639674e+09 +1.906639588e+09 +1.906639588e+09
2 0 +2.261542811e+08 +2.261541958e+08 +2.261541958e+08
8 0 +1.970172342e+08 +1.970171489e+08 +1.970171489e+08
10 0 +9.845718174e+07 +9.845709644e+07 +9.845709644e+07
31 0 +6.299546988e+07 +6.299538458e+07 +6.299538458e+07
43 0 +5.152540810e+07 +5.152532280e+07 +5.152532280e+07
51 0 +3.122678954e+07 +3.122670424e+07 +3.122670424e+07
55 0 +2.325991643e+07 +2.325983113e+07 +2.325983113e+07
77 0 +1.892782347e+07 +1.892773817e+07 +1.892773817e+07
81 0 +1.168156151e+07 +1.168147621e+07 +1.168147621e+07
87 0 +4.313762513e+06 +4.313677213e+06 +4.313677213e+06
250 0 +4.313762513e+06 +4.313677213e+06 +4.313677213e+06
% f evaluations | g evaluations | best noise-free fitness - Fopt (1.719500000000e+02) + sum g_i+ | measured fitness | best measured fitness or single-digit g-values | x1 | x2...
1 0 +3.101691072e+08 +3.101692791e+08 +3.101692791e+08
7 0 +2.837008111e+08 +2.837009830e+08 +2.837009830e+08
8 0 +6.708222515e+07 +6.708239710e+07 +6.708239710e+07
42 0 +3.432798442e+07 +3.432815637e+07 +3.432815637e+07
57 0 +2.963275388e+07 +2.963292583e+07 +2.963292583e+07
88 0 +2.808718383e+07 +2.808735578e+07 +2.808735578e+07
89 0 +2.516542730e+07 +2.516559925e+07 +2.516559925e+07
111 0 +1.128364604e+07 +1.128381799e+07 +1.128381799e+07
168 0 +6.084340236e+06 +6.084512186e+06 +6.084512186e+06
250 0 +6.084340236e+06 +6.084512186e+06 +6.084512186e+06
% f evaluations | g evaluations | best noise-free fitness - Fopt (6.816000000000e+01) + sum g_i+ | measured fitness | best measured fitness or single-digit g-values | x1 | x2...
1 0 +8.764445824e+07 +8.764452640e+07 +8.764452640e+07
3 0 +2.874064957e+07 +2.874071773e+07 +2.874071773e+07
71 0 +1.666144961e+07 +1.666151777e+07 +1.666151777e+07
103 0 +1.658569802e+07 +1.658576618e+07 +1.658576618e+07
143 0 +1.567589771e+07 +1.567596587e+07 +1.567596587e+07
161 0 +1.414688444e+07 +1.414695260e+07 +1.414695260e+07
165 0 +8.169159308e+06 +8.169227468e+06 +8.169227468e+06
181 0 +7.560915334e+06 +7.560983494e+06 +7.560983494e+06
199 0 +3.950740279e+06 +3.950808439e+06 +3.950808439e+06
232 0 +3.297372066e+06 +3.297440226e+06 +3.297440226e+06
250 0 +3.297372066e+06 +3.297440226e+06 +3.297440226e+06
% f evaluations | g evaluations | best noise-free fitness - Fopt (1.000000000000e+03) + sum g_i+ | measured fitness | best measured fitness or single-digit g-values | x1 | x2...
1 0 +2.797340391e+08 +2.797350391e+08 +2.797350391e+08
2 0 +1.843244215e+08 +1.843254215e+08 +1.843254215e+08
4 0 +1.700430996e+08 +1.700440996e+08 +1.700440996e+08
5 0 +1.602526875e+08 +1.602536875e+08 +1.602536875e+08
7 0 +1.248902885e+08 +1.248912885e+08 +1.248912885e+08
10 0 +1.242634572e+08 +1.242644572e+08 +1.242644572e+08
14 0 +1.107233807e+08 +1.107243807e+08 +1.107243807e+08
25 0 +1.002519077e+08 +1.002529077e+08 +1.002529077e+08
52 0 +6.746337951e+07 +6.746437951e+07 +6.746437951e+07
57 0 +4.757870005e+07 +4.757970005e+07 +4.757970005e+07
93 0 +1.636515336e+07 +1.636615336e+07 +1.636615336e+07
106 0 +1.121323073e+07 +1.121423073e+07 +1.121423073e+07
156 0 +9.774230838e+06 +9.775230838e+06 +9.775230838e+06
219 0 +8.941865506e+06 +8.942865506e+06 +8.942865506e+06
250 0 +8.941865506e+06 +8.942865506e+06 +8.942865506e+06
% f evaluations | g evaluations | best noise-free fitness - Fopt (-6.837000000000e+01) + sum g_i+ | measured fitness | best measured fitness or single-digit g-values | x1 | x2...
1 0 +7.059080040e+08 +7.059079356e+08 +7.059079356e+08
2 0 +1.552895360e+08 +1.552894677e+08 +1.552894677e+08
12 0 +1.368948946e+08 +1.368948263e+08 +1.368948263e+08
14 0 +9.920867308e+07 +9.920860471e+07 +9.920860471e+07
16 0 +5.880627993e+07 +5.880621156e+07 +5.880621156e+07
53 0 +5.465277799e+07 +5.465270962e+07 +5.465270962e+07
59 0 +4.676269915e+07 +4.676263078e+07 +4.676263078e+07
62 0 +3.968242116e+07 +3.968235279e+07 +3.968235279e+07
70 0 +3.515844795e+07 +3.515837958e+07 +3.515837958e+07
98 0 +3.310465350e+07 +3.310458513e+07 +3.310458513e+07
99 0 +1.906572989e+07 +1.906566152e+07 +1.906566152e+07
143 0 +1.305517397e+07 +1.305510560e+07 +1.305510560e+07
159 0 +9.864150706e+06 +9.864082336e+06 +9.864082336e+06
228 0 +8.955618576e+06 +8.955550206e+06 +8.955550206e+06
250 0 +8.955618576e+06 +8.955550206e+06 +8.955550206e+06
% f evaluations | g evaluations | best noise-free fitness - Fopt (-5.548000000000e+01) + sum g_i+ | measured fitness | best measured fitness or single-digit g-values | x1 | x2...
1 0 +3.037122871e+09 +3.037122815e+09 +3.037122815e+09
2 0 +1.820563053e+08 +1.820562498e+08 +1.820562498e+08
5 0 +1.781397549e+08 +1.781396994e+08 +1.781396994e+08
7 0 +1.024074666e+08 +1.024074111e+08 +1.024074111e+08
21 0 +7.393868942e+07 +7.393863394e+07 +7.393863394e+07
24 0 +1.598788022e+07 +1.598782474e+07 +1.598782474e+07
57 0 +1.214573577e+07 +1.214568029e+07 +1.214568029e+07
58 0 +1.109505520e+07 +1.109499972e+07 +1.109499972e+07
98 0 +1.067042082e+07 +1.067036534e+07 +1.067036534e+07
115 0 +6.877874093e+06 +6.877818613e+06 +6.877818613e+06
250 0 +6.828523741e+06 +6.828468261e+06 +6.828468261e+06
% f evaluations | g evaluations | best noise-free fitness - Fopt (-5.349000000000e+01) + sum g_i+ | measured fitness | best measured fitness or single-digit g-values | x1 | x2...
1 0 +7.820981335e+08 +7.820980800e+08 +7.820980800e+08
2 0 +5.726086066e+08 +5.726085531e+08 +5.726085531e+08
5 0 +7.009402925e+07 +7.009397576e+07 +7.009397576e+07
13 0 +5.685670483e+07 +5.685665134e+07 +5.685665134e+07
40 0 +5.470698667e+07 +5.470693318e+07 +5.470693318e+07
57 0 +5.094181324e+07 +5.094175975e+07 +5.094175975e+07
62 0 +4.831998835e+07 +4.831993486e+07 +4.831993486e+07
64 0 +2.889637682e+07 +2.889632333e+07 +2.889632333e+07
65 0 +1.527739427e+07 +1.527734078e+07 +1.527734078e+07
74 0 +1.428595235e+07 +1.428589886e+07 +1.428589886e+07
79 0 +1.212207488e+07 +1.212202139e+07 +1.212202139e+07
93 0 +1.162835945e+07 +1.162830596e+07 +1.162830596e+07
154 0 +8.977154736e+06 +8.977101246e+06 +8.977101246e+06
179 0 +3.091885565e+06 +3.091832075e+06 +3.091832075e+06
250 0 +3.091885565e+06 +3.091832075e+06 +3.091832075e+06
% f evaluations | g evaluations | best noise-free fitness - Fopt (1.172700000000e+02) + sum g_i+ | measured fitness | best measured fitness or single-digit g-values | x1 | x2...
1 0 +3.194540241e+08 +3.194541414e+08 +3.194541414e+08
2 0 +1.572473995e+08 +1.572475168e+08 +1.572475168e+08
15 0 +1.459828017e+08 +1.459829189e+08 +1.459829189e+08
16 0 +8.768118618e+07 +8.768130345e+07 +8.768130345e+07
52 0 +7.814094639e+07 +7.814106366e+07 +7.814106366e+07
54 0 +7.582689439e+07 +7.582701166e+07 +7.582701166e+07
57 0 +4.018093351e+07 +4.018105078e+07 +4.018105078e+07
58 0 +3.540673205e+07 +3.540684932e+07 +3.540684932e+07
66 0 +3.376822764e+07 +3.376834491e+07 +3.376834491e+07
76 0 +1.643091187e+07 +1.643102914e+07 +1.643102914e+07
100 0 +1.425057523e+07 +1.425069250e+07 +1.425069250e+07
181 0 +9.765604531e+06 +9.765721801e+06 +9.765721801e+06
220 0 +6.691253763e+06 +6.691371033e+06 +6.691371033e+06
235 0 +4.192260650e+06 +4.192377920e+06 +4.192377920e+06
250 0 +4.192260650e+06 +4.192377920e+06 +4.192377920e+06
% f evaluations | g evaluations | best noise-free fitness - Fopt (7.789000000000e+01) + sum g_i+ | measured fitness | best measured fitness or single-digit g-values | x1 | x2...
1 0 +1.585430953e+08 +1.585431732e+08 +1.585431732e+08
2 0 +5.687561019e+07 +5.687568808e+07 +5.687568808e+07
3 0 +5.330329984e+07 +5.330337773e+07 +5.330337773e+07
4 0 +5.308844711e+07 +5.308852500e+07 +5.308852500e+07
22 0 +3.921000660e+07 +3.921008449e+07 +3.921008449e+07
53 0 +3.816014668e+07 +3.816022457e+07 +3.816022457e+07
63 0 +3.216225710e+07 +3.216233499e+07 +3.216233499e+07
65 0 +2.882904986e+07 +2.882912775e+07 +2.882912775e+07
72 0 +2.837293718e+07 +2.837301507e+07 +2.837301507e+07
102 0 +2.187039127e+07 +2.187046916e+07 +2.187046916e+07
142 0 +2.116665301e+07 +2.116673090e+07 +2.116673090e+07
212 0 +1.759920824e+07 +1.759928613e+07 +1.759928613e+07
218 0 +1.188911700e+07 +1.188919489e+07 +1.188919489e+07
233 0 +1.004604566e+07 +1.004612355e+07 +1.004612355e+07
250 0 +1.004604566e+07 +1.004612355e+07 +1.004612355e+07
