% f evaluations | g evaluations | best noise-free fitness - Fopt (2.997000000000e+01) + sum g_i+ | measured fitness | best measured fitness or single-digit g-values | x1 | x2...
1 0 +2.138272748e+03 +2.168242748e+03 +2.168242748e+03 -3.3813e+00 +1.0982e+00 +1.0056e+00 +3.9068e+00 +3.7454e+00
2 0 +1.505364057e+03 +1.535334057e+03 +1.535334057e+03 -3.5110e+00 +3.1527e+00 -2.0988e+00 +2.0846e+00 -8.0798e-01
3 0 +8.958449980e+02 +9.258149980e+02 +9.258149980e+02 -3.4500e+00 +4.7326e+00 -4.5219e-01 -2.1476e+00 -7.0011e-01
5 0 +7.884493888e+02 +8.184193888e+02 +8.184193888e+02 -9.3868e-02 -4.1841e-01 -1.4394e+00 -3.5868e+00 -3.9046e+00
33 0 +4.815373805e+02 +5.115073805e+02 +5.115073805e+02 +9.0316e-01 +2.8196e+00 -1.6395e+00 -2.9894e+00 +3.4347e+00
238 0 +4.546039337e+02 +4.845739337e+02 +4.845739337e+02 +2.8527e+00 -2.4277e+00 -4.5985e+00 +7.3600e-02 +4.3368e+00
% f evaluations | g evaluations | best noise-free fitness - Fopt (-5.171000000000e+01) + sum g_i+ | measured fitness | best measured fitness or single-digit g-values | x1 | x2...
1 0 +7.550466413e+02 +7.033366413e+02 +7.033366413e+02 +3.4928e+00 +1.7137e+00 +2.3425e-02 -4.0002e+00 -3.0261e+00
14 0 +5.941967987e+02 +5.424867987e+02 +5.424867987e+02 +3.0603e+00 +2.4512e+00 -9.6302e-01 -1.5478e+00 +1.7138e+00
238 0 +5.941967987e+02 +5.424867987e+02 +5.424867987e+02 +3.0603e+00 +2.4512e+00 -9.6302e-01 -1.5478e+00 +1.7138e+00
% f evaluations | g evaluations | best noise-free fitness - Fopt (-2.799500000000e+02) + sum g_i+ | measured fitness | best measured fitness or single-digit g-values | x1 | x2...
1 0 +3.353453060e+03 +3.073503060e+03 +3.073503060e+03 +2.6728e+00 +2.3786e+00 -2.1120e+00 -3.8148e+00 +2.0478e+00
2 0 +1.627025605e+03 +1.347075605e+03 +1.347075605e+03 -1.3393e-01 -3.8199e+00 -3.7819e+00 -1.8647e+00 +1.4278e+00
4 0 +1.292105596e+03 +1.012155596e+03 +1.012155596e+03 +1.3416e+00 -4.0626e+00 +1.4645e+00 +4.6118e+00 -8.8143e-02
11 0 +9.865658452e+02 +7.066158452e+02 +7.066158452e+02 -3.0548e+00 -3.3446e+00 -2.2310e+00 +1.9137e+00 -3.7241e+00
102 0 +7.279451613e+02 +4.479951613e+02 +4.479951613e+02 -2.7508e+00 -4.1837e+00 +3.0926e+00 -2.1406e+00 +1.1278e-01
103 0 +6.205225685e+02 +3.405725685e+02 +3.405725685e+02 -3.1618e+00 -2.8233e+00 +3.6521e+00 -4.9720e-02 +1.4382e-01
201 0 +3.028262216e+02 +2.287622157e+01 +2.287622157e+01 -4.4892e+00 -3.1794e+00 +4.0413e+00 -5.8190e-01 -4.6709e+00
238 0 +3.028262216e+02 +2.287622157e+01 +2.287622157e+01 -4.4892e+00 -3.1794e+00 +4.0413e+00 -5.8190e-01 -4.6709e+00
% f evaluations | g evaluations | best noise-free fitness - Fopt (9.319900000000e+02) + sum g_i+ | measured fitness | best measured fitness or single-digit g-values | x1 | x2...
1 0 +1.913293975e+03 +2.845283975e+03 +2.845283975e+03 -5.9584e-01 -2.1561e+00 -4.7707e+00 +3.1053e+00 -3.8301e-02
2 0 +6.861295507e+02 +1.618119551e+03 +1.618119551e+03 +4.4102e+00 +3.8330e+00 +4.5679e+00 -1.5753e+00 +4.8347e+00
34 0 +5.971517104e+02 +1.529141710e+03 +1.529141710e+03 +1.5637e+00 +3.5901e-01 -1.5438e+00 -4.2082e+00 +3.1649e+00
110 0 +5.575119911e+02 +1.489501991e+03 +1.489501991e+03 -1.6875e+00 -1.7771e+00 +2.2428e+00 -2.9558e+00 +2.5532e+00
131 0 +2.996580408e+02 +1.231648041e+03 +1.231648041e+03 +1.3523e+00 +2.5067e+00 +3.4343e+00 -7.1116e-01 +2.6408e+00
238 0 +2.996580408e+02 +1.231648041e+03 +1.231648041e+03 +1.3523e+00 +2.5067e+00 +3.4343e+00 -7.1116e-01 +2.6408e+00
% f evaluations | g evaluations | best noise-free fitness - Fopt (1.133100000000e+02) + sum g_i+ | measured fitness | best measured fitness or single-digit g-values | x1 | x2...
1 0 +1.313313185e+03 +1.426623185e+03 +1.426623185e+03 -2.2858e+00 +9.4424e-01 -2.3585e+00 +1.3227e+00 -2.8291e+00
3 0 +1.107669712e+03 +1.220979712e+03 +1.220979712e+03 -2.3801e-01 -4.0888e+00 -7.0229e-02 -3.3991e+00 +1.2053e+00
8 0 +9.862281126e+02 +1.099538113e+03 +1.099538113e+03 +2.8865e+00 +4.4458e+00 +1.2755e+00 -4.3921e+00 -1.2472e+00
15 0 +8.381237205e+02 +9.514337205e+02 +9.514337205e+02 +7.7330e-01 +2.9877e+00 +8.3065e-01 +4.3964e+00 +1.8808e+00
20 0 +7.243154743e+02 +8.376254743e+02 +8.376254743e+02 +1.5521e+00 +8.0676e-01 +2.1738e+00 -3.2929e+00 -1.0451e+00
30 0 +5.158232190e+02 +6.291332190e+02 +6.291332190e+02 +1.8901e+00 +3.6554e+00 -1.0437e+00 +7.8003e-02 +9.7133e-02
224 0 +3.126987955e+02 +4.260087955e+02 +4.260087955e+02 +3.4904e+00 +1.6606e+00 -9.6234e-01 +2.4098e+00 +1.6592e+00
238 0 +3.126987955e+02 +4.260087955e+02 +4.260087955e+02 +3.4904e+00 +1.6606e+00 -9.6234e-01 +2.4098e+00 +1.6592e+00
% f evaluations | g evaluations | best noise-free fitness - Fopt (2.849000000000e+01) + sum g_i+ | measured fitness | best measured fitness or single-digit g-values | x1 | x2...
1 0 +1.071353964e+03 +1.099843964e+03 +1.099843964e+03 -2.3344e+00 +9.8676e-01 -3.4177e-01 +1.9162e+00 +9.1320e-01
4 0 +1.028948407e+03 +1.057438407e+03 +1.057438407e+03 +6.2865e-01 +3.7343e+00 +2.9726e+00 -4.9430e+00 -4.1026e+00
7 0 +9.078210859e+02 +9.363110859e+02 +9.363110859e+02 -3.7235e+00 +1.4398e+00 -1.3982e+00 +2.8686e-01 -2.1258e+00
11 0 +7.443874531e+02 +7.728774531e+02 +7.728774531e+02 -2.5978e+00 -1.4356e+00 +3.6838e+00 -3.2844e+00 -3.8971e+00
16 0 +5.194653159e+02 +5.479553159e+02 +5.479553159e+02 -3.0242e+00 +4.5765e-01 -1.6195e-01 -2.4600e+00 -1.3525e+00
238 0 +5.194653159e+02 +5.479553159e+02 +5.479553159e+02 -3.0242e+00 +4.5765e-01 -1.6195e-01 -2.4600e+00 -1.3525e+00
% f evaluations | g evaluations | best noise-free fitness - Fopt (-7.405800000000e+02) + sum g_i+ | measured fitness | best measured fitness or single-digit g-values | x1 | x2...
1 0 +1.785735770e+03 +1.045155770e+03 +1.045155770e+03 +4.9240e+00 -3.7589e+00 +2.0446e+00 -3.1900e+00 +3.4324e+00
2 0 +1.359746240e+03 +6.191662399e+02 +6.191662399e+02 -4.5676e+00 +4.2608e+00 +2.0715e+00 +2.9056e+00 -1.3319e-01
3 0 +7.249558228e+02 -1.562417722e+01 -1.562417722e+01 -2.9067e+00 -1.6894e+00 -3.7848e+00 +1.9888e+00 -3.8290e-01
4 0 +5.849080425e+02 -1.556719575e+02 -1.556719575e+02 -1.0840e+00 +1.0001e-02 +2.4978e-01 +2.3347e+00 -3.9805e+00
43 0 +5.335762721e+02 -2.070037279e+02 -2.070037279e+02 +1.0395e+00 -1.5939e+00 -1.5412e+00 -2.0797e-01 -4.9489e-01
108 0 +3.387928602e+02 -4.017871398e+02 -4.017871398e+02 -3.2672e+00 -8.8056e-01 -3.6872e+00 +1.7679e+00 -2.2111e+00
238 0 +3.387928602e+02 -4.017871398e+02 -4.017871398e+02 -3.2672e+00 -8.8056e-01 -3.6872e+00 +1.7679e+00 -2.2111e+00
% f evaluations | g evaluations | best noise-free fitness - Fopt (-5.177000000000e+01) + sum g_i+ | measured fitness | best measured fitness or single-digit g-values | x1 | x2...
1 0 +1.011525228e+03 +9.597552280e+02 +9.597552280e+02 +4.0946e-01 +2.1683e+00 -1.3820e+00 -2.0529e+00 -2.8272e+00
5 0 +9.794142410e+02 +9.276442410e+02 +9.276442410e+02 -3.6755e+00 +4.4072e-01 +2.0706e-01 +1.6588e+00 +3.8246e+00
16 0 +7.136046433e+02 +6.618346433e+02 +6.618346433e+02 +1.4430e+00 +4.0393e+00 -1.2142e+00 -1.2308e+00 +1.3694e+00
201 0 +4.671925162e+02 +4.154225162e+02 +4.154225162e+02 -4.8857e+00 +1.6246e+00 +3.7762e-01 -4.1498e+00 +2.1553e+00
238 0 +4.671925162e+02 +4.154225162e+02 +4.154225162e+02 -4.8857e+00 +1.6246e+00 +3.7762e-01 -4.1498e+00 +2.1553e+00
% f evaluations | g evaluations | best noise-free fitness - Fopt (-2.229800000000e+02) + sum g_i+ | measured fitness | best measured fitness or single-digit g-values | x1 | x2...
1 0 +1.459159047e+03 +1.236179047e+03 +1.236179047e+03 +1.5281e+00 +3.7668e+00 +3.2310e+00 +2.5718e+00 -2.1867e+00
2 0 +7.620039498e+02 +5.390239498e+02 +5.390239498e+02 -5.4698e-01 +9.9040e-01 -3.9824e+00 +2.4658e+00 -3.9532e+00
22 0 +5.289114296e+02 +3.059314296e+02 +3.059314296e+02 +4.6190e+00 +9.6868e-01 -4.8980e+00 +3.5599e+00 -3.4201e+00
27 0 +2.675749148e+02 +4.459491477e+01 +4.459491477e+01 +3.8350e+00 -3.9362e-01 -3.9420e+00 +4.4775e-02 -4.1502e+00
206 0 +1.347146767e+02 -8.826532326e+01 -8.826532326e+01 +3.9909e+00 +5.3266e-01 -3.5387e+00 +1.9000e+00 -3.6755e+00
238 0 +1.347146767e+02 -8.826532326e+01 -8.826532326e+01 +3.9909e+00 +5.3266e-01 -3.5387e+00 +1.9000e+00 -3.6755e+00
% f evaluations | g evaluations | best noise-free fitness - Fopt (5.860000000000e+00) + sum g_i+ | measured fitness | best measured fitness or single-digit g-values | x1 | x2...
1 0 +1.969873329e+03 +1.975733329e+03 +1.975733329e+03 -9.6135e-01 -2.1209e+00 +1.3027e+00 -2.9862e+00 +1.2639e+00
2 0 +1.347465357e+03 +1.353325357e+03 +1.353325357e+03 +4.8430e+00 +2.8800e+00 -1.8956e+00 -1.8276e+00 +3.1792e+00
7 0 +9.012439853e+02 +9.071039853e+02 +9.071039853e+02 -4.4947e+00 +2.2168e-01 -4.6077e+00 -4.2157e+00 +3.4571e+00
14 0 +4.896580370e+02 +4.955180370e+02 +4.955180370e+02 -2.4715e+00 +9.1144e-01 -1.8525e+00 -3.8145e-02 +2.3859e+00
27 0 +3.289010666e+02 +3.347610666e+02 +3.347610666e+02 -3.0592e+00 +1.2670e+00 -1.4151e+00 +3.3618e+00 +3.4701e-01
238 0 +3.289010666e+02 +3.347610666e+02 +3.347610666e+02 -3.0592e+00 +1.2670e+00 -1.4151e+00 +3.3618e+00 +3.4701e-01
% f evaluations | g evaluations | best noise-free fitness - Fopt (2.048600000000e+02) + sum g_i+ | measured fitness | best measured fitness or single-digit g-values | x1 | x2...
1 0 +8.905628854e+02 +1.095422885e+03 +1.095422885e+03 +1.3834e+00 +3.3397e+00 -3.7207e+00 -2.5565e-01 +5.3226e-01
3 0 +6.740460380e+02 +8.789060380e+02 +8.789060380e+02 +1.7182e+00 +7.2710e-01 +1.1513e-01 +2.6042e+00 -2.4691e+00
17 0 +5.671551804e+02 +7.720151804e+02 +7.720151804e+02 -3.5944e+00 -3.1692e+00 -2.4474e+00 +4.6119e+00 -2.2537e-01
24 0 +5.606639087e+02 +7.655239087e+02 +7.655239087e+02 -8.4193e-01 -1.2046e+00 +2.4791e+00 +7.5987e-01 -4.0134e+00
101 0 +4.837378767e+02 +6.885978767e+02 +6.885978767e+02 -1.5349e+00 -3.7160e-01 -1.0789e+00 -1.2358e+00 -1.8346e+00
112 0 +2.824264652e+02 +4.872864652e+02 +4.872864652e+02 -1.4841e+00 -2.0835e-01 +1.3468e+00 +2.0142e+00 -1.1997e+00
238 0 +2.824264652e+02 +4.872864652e+02 +4.872864652e+02 -1.4841e+00 -2.0835e-01 +1.3468e+00 +2.0142e+00 -1.1997e+00
% f evaluations | g evaluations | best noise-free fitness - Fopt (1.154900000000e+02) + sum g_i+ | measured fitness | best measured fitness or single-digit g-values | x1 | x2...
1 0 +2.289828382e+03 +2.405318382e+03 +2.405318382e+03 +4.5580e+00 +1.2919e+00 -3.8809e+00 +1.4283e+00 -4.7117e-01
2 0 +1.127088022e+03 +1.242578022e+03 +1.242578022e+03 +3.0863e+00 +4.4430e+00 +4.6479e+00 -2.6864e+00 +2.8851e+00
9 0 +8.368535782e+02 +9.523435782e+02 +9.523435782e+02 -3.1417e-01 +4.2737e+00 +3.6819e+00 -2.6880e+00 +2.6994e+00
125 0 +6.420779944e+02 +7.575679944e+02 +7.575679944e+02 +1.6923e+00 +2.3233e+00 +3.6150e+00 -1.7343e+00 +3.6214e+00
204 0 +5.601957604e+02 +6.756857604e+02 +6.756857604e+02 +2.9955e-01 -1.8803e+00 +2.1517e-01 -3.1082e+00 +4.0034e+00
238 0 +5.601957604e+02 +6.756857604e+02 +6.756857604e+02 +2.9955e-01 -1.8803e+00 +2.1517e-01 -3.1082e+00 +4.0034e+00
% f evaluations | g evaluations | best noise-free fitness - Fopt (1.950500000000e+02) + sum g_i+ | measured fitness | best measured fitness or single-digit g-values | x1 | x2...
1 0 +1.109839884e+03 +1.304889884e+03 +1.304889884e+03 -7.2569e-01 -4.0499e+00 -1.5018e+00 +4.0164e+00 +4.0114e+00
2 0 +4.032706148e+02 +5.983206148e+02 +5.983206148e+02 -2.0052e+00 +3.8620e-01 -4.9561e+00 -2.8817e+00 -3.0847e+00
226 0 +2.799709728e+02 +4.750209728e+02 +4.750209728e+02 +2.8886e+00 -1.8802e-01 +3.0734e-01 +1.2831e+00 +8.5445e-01
238 0 +2.799709728e+02 +4.750209728e+02 +4.750209728e+02 +2.8886e+00 -1.8802e-01 +3.0734e-01 +1.2831e+00 +8.5445e-01
% f evaluations | g evaluations | best noise-free fitness - Fopt (-2.144800000000e+02) + sum g_i+ | measured fitness | best measured fitness or single-digit g-values | x1 | x2...
1 0 +1.341135912e+03 +1.126655912e+03 +1.126655912e+03 +1.1804e+00 +3.5796e-02 +2.7213e+00 -5.3840e-02 +2.2474e+00
3 0 +5.338759628e+02 +3.193959628e+02 +3.193959628e+02 -1.0877e+00 +3.7937e+00 +1.2099e+00 -2.9654e+00 -3.4965e+00
238 0 +5.309283485e+02 +3.164483485e+02 +3.164483485e+02 -1.6560e+00 +4.1231e+00 +3.3567e+00 -1.1595e+00 -2.8436e+00
% f evaluations | g evaluations | best noise-free fitness - Fopt (-4.590000000000e+01) + sum g_i+ | measured fitness | best measured fitness or single-digit g-values | x1 | x2...
1 0 +1.987254385e+03 +1.941354385e+03 +1.941354385e+03 +3.7261e+00 +4.2145e+00 +3.5345e+00 -3.3776e+00 +4.8979e-01
2 0 +1.621929451e+03 +1.576029451e+03 +1.576029451e+03 -2.1330e+00 -1.6215e+00 -2.5781e+00 -2.4075e+00 +2.0507e+00
3 0 +1.173024859e+03 +1.127124859e+03 +1.127124859e+03 -3.9014e+00 -1.7539e+00 +4.3304e+00 +3.8848e+00 +4.0174e-02
5 0 +8.744646196e+02 +8.285646196e+02 +8.285646196e+02 +3.0540e+00 +2.5718e-01 -1.6642e+00 -3.9589e+00 -2.2910e+00
8 0 +7.354925523e+02 +6.895925523e+02 +6.895925523e+02 -2.3443e+00 -1.5573e+00 -5.1144e-01 +3.4539e+00 -9.5001e-01
12 0 +5.609977725e+02 +5.150977725e+02 +5.150977725e+02 +3.7740e+00 -2.2565e+00 -7.5922e-01 -1.0029e+00 -4.9239e+00
199 0 +4.736657169e+02 +4.277657169e+02 +4.277657169e+02 -1.5994e+00 -2.7123e+00 +1.2423e+00 +9.2290e-01 -4.3162e+00
202 0 +3.931357528e+02 +3.472357528e+02 +3.472357528e+02 -1.7514e+00 +2.2012e-01 -5.9555e-01 -2.9734e+00 -4.3849e+00
238 0 +3.931357528e+02 +3.472357528e+02 +3.472357528e+02 -1.7514e+00 +2.2012e-01 -5.9555e-01 -2.9734e+00 -4.3849e+00
