% f evaluations | g evaluations | best noise-free fitness - Fopt (-4.620900000000e+02) + sum g_i+ | measured fitness | best measured fitness or single-digit g-values | x1 | x2...
1 0 +4.396483503e+02 -2.244164967e+01 -2.244164967e+01 +3.9746e+00 +3.4803e+00 -4.5351e+00 -1.8140e+00 +2.3189e+00
4 0 +4.309821210e+02 -3.110787898e+01 -3.110787898e+01 -4.0187e+00 -2.3076e+00 -4.4988e+00 +8.2862e-01 -2.2179e+00
6 0 +2.797634218e+02 -1.823265782e+02 -1.823265782e+02 -4.4067e+00 -4.5881e+00 -3.2641e-01 -1.7107e+00 +7.1478e-01
19 0 +1.846048228e+02 -2.774851772e+02 -2.774851772e+02 -1.8147e+00 -5.5545e-01 -1.3639e+00 -1.9973e+00 +8.0714e-01
30 0 +8.055884293e+01 -3.815311571e+02 -3.815311571e+02 -7.0420e-02 -4.1063e-01 +7.4613e-01 +1.5894e+00 +1.6706e+00
238 0 +8.055884293e+01 -3.815311571e+02 -3.815311571e+02 -7.0420e-02 -4.1063e-01 +7.4613e-01 +1.5894e+00 +1.6706e+00
% f evaluations | g evaluations | best noise-free fitness - Fopt (7.766000000000e+01) + sum g_i+ | measured fitness | best measured fitness or single-digit g-values | x1 | x2...
1 0 +4.452343275e+02 +5.228943275e+02 +5.228943275e+02 -2.7631e+00 -1.7128e+00 -7.2635e-01 +5.3576e-01 -3.4136e+00
14 0 +2.874623447e+02 +3.651223447e+02 +3.651223447e+02 -2.7074e+00 +1.0457e-01 -1.4518e+00 -2.6525e+00 +2.2593e+00
15 0 +2.316682822e+02 +3.093282822e+02 +3.093282822e+02 -4.6483e+00 -7.8692e-01 +1.1347e+00 +3.4124e+00 -1.1691e+00
17 0 +1.493266164e+02 +2.269866164e+02 +2.269866164e+02 -2.7387e+00 -2.0525e+00 -1.4043e+00 +5.9113e-01 +1.3107e+00
135 0 +8.694736306e+01 +1.646073631e+02 +1.646073631e+02 +1.7786e+00 -2.7486e+00 +6.8854e-01 +4.6024e+00 +1.3144e+00
221 0 +5.671253914e+01 +1.343725391e+02 +1.343725391e+02 +1.3136e+00 -3.1740e+00 +6.7594e-01 +3.3895e+00 +1.1757e+00
238 0 +5.671253914e+01 +1.343725391e+02 +1.343725391e+02 +1.3136e+00 -3.1740e+00 +6.7594e-01 +3.3895e+00 +1.1757e+00
% f evaluations | g evaluations | best noise-free fitness - Fopt (1.156800000000e+02) + sum g_i+ | measured fitness | best measured fitness or single-digit g-values | x1 | x2...
1 0 +5.798133158e+02 +6.954933158e+02 +6.954933158e+02 +4.2250e+00 -1.0219e+00 -1.2967e+00 +3.1707e+00 +1.4979e-01
3 0 +1.715008946e+02 +2.871808946e+02 +2.871808946e+02 -2.9187e+00 +4.4586e-01 -3.4816e+00 +3.4273e+00 +1.0974e+00
115 0 +1.308620269e+02 +2.465420269e+02 +2.465420269e+02 -2.6013e+00 -3.8427e-01 -2.2312e+00 +4.1384e+00 +1.8444e+00
238 0 +1.308620269e+02 +2.465420269e+02 +2.465420269e+02 -2.6013e+00 -3.8427e-01 -2.2312e+00 +4.1384e+00 +1.8444e+00
% f evaluations | g evaluations | best noise-free fitness - Fopt (-3.710000000000e+00) + sum g_i+ | measured fitness | best measured fitness or single-digit g-values | x1 | x2...
1 0 +1.313588689e+03 +1.309878689e+03 +1.309878689e+03 +3.8712e+00 +2.5866e+00 +3.1821e+00 -2.3635e+00 -3.1620e+00
2 0 +8.656484364e+02 +8.619384364e+02 +8.619384364e+02 -4.3231e+00 +4.8117e+00 -1.7916e+00 -1.7417e+00 +3.8317e+00
3 0 +6.067868683e+02 +6.030768683e+02 +6.030768683e+02 +4.6097e+00 +1.0268e+00 -3.8241e+00 -1.6286e+00 +5.8380e-01
4 0 +2.398288006e+02 +2.361188006e+02 +2.361188006e+02 +1.5354e+00 -4.1081e+00 +2.6916e-02 +4.3963e+00 -9.6111e-01
7 0 +1.939536789e+02 +1.902436789e+02 +1.902436789e+02 +1.6108e-01 -3.8051e+00 +1.3178e+00 -1.1197e+00 +2.2380e+00
14 0 +1.505174772e+02 +1.468074772e+02 +1.468074772e+02 -1.8303e+00 +5.9239e-01 -2.4356e+00 +2.4050e+00 +2.5404e+00
35 0 +1.140360475e+02 +1.103260475e+02 +1.103260475e+02 -7.5768e-01 -6.6723e-01 +1.9775e+00 +4.4621e+00 +1.8417e+00
105 0 +9.135145606e+01 +8.764145606e+01 +8.764145606e+01 -1.0333e-01 -1.5187e+00 +1.3180e+00 +3.7271e+00 +3.3708e+00
238 0 +9.135145606e+01 +8.764145606e+01 +8.764145606e+01 -1.0333e-01 -1.5187e+00 +1.3180e+00 +3.7271e+00 +3.3708e+00
% f evaluations | g evaluations | best noise-free fitness - Fopt (1.321800000000e+02) + sum g_i+ | measured fitness | best measured fitness or single-digit g-values | x1 | x2...
1 0 +4.506528572e+02 +5.828328572e+02 +5.828328572e+02 -3.3971e+00 -3.2418e+00 -3.4031e+00 +1.5246e+00 -8.5536e-01
2 0 +1.481942125e+02 +2.803742125e+02 +2.803742125e+02 -1.4151e+00 -6.3953e-01 +1.9220e+00 +2.4383e-01 +2.7137e+00
28 0 +1.128906832e+02 +2.450706832e+02 +2.450706832e+02 -3.3882e-01 +1.6759e+00 +1.7156e+00 +4.5291e-01 +2.5889e+00
118 0 +9.096508675e+01 +2.231450867e+02 +2.231450867e+02 -2.7249e-01 -8.2347e-01 +1.0816e+00 -3.2400e-01 +1.9131e+00
238 0 +9.096508675e+01 +2.231450867e+02 +2.231450867e+02 -2.7249e-01 -8.2347e-01 +1.0816e+00 -3.2400e-01 +1.9131e+00
% f evaluations | g evaluations | best noise-free fitness - Fopt (-3.930000000000e+01) + sum g_i+ | measured fitness | best measured fitness or single-digit g-values | x1 | x2...
1 0 +8.684969369e+02 +8.291969369e+02 +8.291969369e+02 +4.0800e+00 -6.7433e-01 -1.5722e+00 +2.2989e+00 +1.8096e+00
3 0 +1.992450399e+02 +1.599450399e+02 +1.599450399e+02 +7.0986e-01 -2.2162e+00 -7.6091e-01 +3.4043e+00 -2.3613e+00
21 0 +1.389055529e+02 +9.960555294e+01 +9.960555294e+01 +1.6528e+00 +1.4019e+00 +1.2568e+00 +4.1198e+00 -1.7126e+00
110 0 +1.007026952e+02 +6.140269520e+01 +6.140269520e+01 +1.4883e-01 -2.6193e+00 +6.4563e-01 +3.1669e+00 -3.0324e-01
126 0 +9.419079951e+01 +5.489079951e+01 +5.489079951e+01 +1.0444e+00 -1.3569e+00 -8.1269e-01 +1.8645e+00 +7.0257e-01
236 0 +8.272639296e+01 +4.342639296e+01 +4.342639296e+01 +9.7593e-01 +1.9704e+00 +1.3788e+00 +3.9428e+00 +1.0746e+00
238 0 +8.272639296e+01 +4.342639296e+01 +4.342639296e+01 +9.7593e-01 +1.9704e+00 +1.3788e+00 +3.9428e+00 +1.0746e+00
% f evaluations | g evaluations | best noise-free fitness - Fopt (4.296000000000e+01) + sum g_i+ | measured fitness | best measured fitness or single-digit g-values | x1 | x2...
1 0 +4.694580740e+02 +5.124180740e+02 +5.124180740e+02 -4.5606e-01 +2.4434e+00 -4.7237e+00 -3.4657e-01 -4.0786e+00
4 0 +2.317028055e+02 +2.746628055e+02 +2.746628055e+02 +8.7357e-01 +2.3374e+00 +1.5498e+00 -2.6549e+00 -2.2871e+00
9 0 +2.169797468e+02 +2.599397468e+02 +2.599397468e+02 -4.0743e+00 +4.5203e+00 -2.4908e-01 -1.8126e+00 -7.7446e-01
15 0 +1.378155312e+02 +1.807755312e+02 +1.807755312e+02 +3.0782e-01 -1.6016e+00 +1.3575e+00 +2.6451e-01 -1.3272e+00
42 0 +1.223803152e+02 +1.653403152e+02 +1.653403152e+02 +4.8748e-01 +3.9893e+00 +2.2185e+00 +1.7130e+00 -1.8393e+00
117 0 +5.779683964e+01 +1.007568396e+02 +1.007568396e+02 +1.3148e+00 +2.6198e+00 +1.3480e+00 +8.8556e-01 +9.6910e-01
238 0 +5.779683964e+01 +1.007568396e+02 +1.007568396e+02 +1.3148e+00 +2.6198e+00 +1.3480e+00 +8.8556e-01 +9.6910e-01
% f evaluations | g evaluations | best noise-free fitness - Fopt (2.842200000000e+02) + sum g_i+ | measured fitness | best measured fitness or single-digit g-values | x1 | x2...
1 0 +5.309526994e+02 +8.151726994e+02 +8.151726994e+02 -3.9773e+00 +9.3273e-01 +1.7063e+00 -1.8703e+00 -2.4470e+00
2 0 +7.484240460e+01 +3.590624046e+02 +3.590624046e+02 -2.0744e-01 -1.1677e+00 -1.9085e+00 +1.3218e+00 +1.4466e+00
238 0 +7.484240460e+01 +3.590624046e+02 +3.590624046e+02 -2.0744e-01 -1.1677e+00 -1.9085e+00 +1.3218e+00 +1.4466e+00
% f evaluations | g evaluations | best noise-free fitness - Fopt (-3.217000000000e+01) + sum g_i+ | measured fitness | best measured fitness or single-digit g-values | x1 | x2...
1 0 +6.665798984e+02 +6.344098984e+02 +6.344098984e+02 -1.4185e+00 -2.8050e+00 -4.9677e+00 -4.9673e+00 -2.7168e+00
5 0 +2.329659058e+02 +2.007959058e+02 +2.007959058e+02 -1.9232e+00 +4.7487e+00 +5.7359e-01 -2.1033e+00 -1.1743e-01
6 0 +1.638658328e+02 +1.316958328e+02 +1.316958328e+02 -5.7719e-01 +4.2543e+00 +9.9165e-01 +3.7612e-01 +2.6911e+00
121 0 +1.154279206e+02 +8.325792057e+01 +8.325792057e+01 +1.4752e+00 +2.1176e+00 -3.1490e+00 -1.3639e+00 +3.5970e+00
143 0 +7.725445557e+01 +4.508445557e+01 +4.508445557e+01 +3.2291e-01 +3.6818e+00 -9.6052e-01 -7.4792e-02 +2.2003e+00
238 0 +7.725445557e+01 +4.508445557e+01 +4.508445557e+01 +3.2291e-01 +3.6818e+00 -9.6052e-01 -7.4792e-02 +2.2003e+00
% f evaluations | g evaluations | best noise-free fitness - Fopt (-5.858000000000e+01) + sum g_i+ | measured fitness | best measured fitness or single-digit g-values | x1 | x2...
1 0 +4.375416000e+03 +4.316836000e+03 +4.316836000e+03 -1.1596e+00 -1.0506e+00 +4.6970e+00 +2.4666e-02 +2.5753e+00
2 0 +1.527509808e+03 +1.468929808e+03 +1.468929808e+03 -3.1889e+00 -2.0620e+00 +2.5682e+00 -1.9334e+00 -4.6813e+00
3 0 +3.812149192e+02 +3.226349192e+02 +3.226349192e+02 -2.0343e+00 -6.0398e-01 -2.0243e+00 +3.1329e+00 -1.4354e+00
4 0 +1.966708118e+02 +1.380908118e+02 +1.380908118e+02 +1.2681e+00 +2.5814e+00 -6.1709e-01 +3.5686e+00 +6.9993e-01
8 0 +1.266460362e+02 +6.806603621e+01 +6.806603621e+01 -1.7179e+00 -2.2011e+00 -1.8465e+00 +2.3868e+00 +2.2283e+00
30 0 +1.050637401e+02 +4.648374005e+01 +4.648374005e+01 -3.9712e+00 -1.3364e+00 -5.6561e-01 +2.0977e+00 +3.6833e+00
32 0 +9.723047125e+01 +3.865047125e+01 +3.865047125e+01 +1.6555e+00 -3.0184e-01 +9.3244e-01 -1.5074e-02 +1.6859e+00
210 0 +6.638307818e+01 +7.803078180e+00 +7.803078180e+00 +6.3957e-01 -1.9695e+00 +9.7862e-01 -1.1459e+00 +3.2637e+00
238 0 +6.638307818e+01 +7.803078180e+00 +7.803078180e+00 +6.3957e-01 -1.9695e+00 +9.7862e-01 -1.1459e+00 +3.2637e+00
% f evaluations | g evaluations | best noise-free fitness - Fopt (-6.049200000000e+02) + sum g_i+ | measured fitness | best measured fitness or single-digit g-values | x1 | x2...
1 0 +6.808422527e+02 +7.592225266e+01 +7.592225266e+01 +2.6764e+00 -4.1108e+00 -2.9561e+00 -3.5625e+00 -3.4415e+00
5 0 +1.715284643e+02 -4.333915357e+02 -4.333915357e+02 -4.8815e+00 +2.5167e+00 +1.8459e+00 +7.5781e-01 -1.2567e+00
18 0 +1.151621925e+02 -4.897578075e+02 -4.897578075e+02 -2.3956e+00 +2.8792e+00 -8.7545e-01 +2.9213e+00 +3.9527e-01
238 0 +1.151621925e+02 -4.897578075e+02 -4.897578075e+02 -2.3956e+00 +2.8792e+00 -8.7545e-01 +2.9213e+00 +3.9527e-01
% f evaluations | g evaluations | best noise-free fitness - Fopt (1.337000000000e+02) + sum g_i+ | measured fitness | best measured fitness or single-digit g-values | x1 | x2...
1 0 +4.869342660e+02 +6.206342660e+02 +6.206342660e+02 -3.3801e+00 +2.4199e+00 -4.8884e+00 +1.4331e-02 -2.0288e+00
6 0 +1.710830845e+02 +3.047830845e+02 +3.047830845e+02 -3.6363e+00 +4.6719e+00 -1.5114e+00 -1.0239e+00 +3.5648e+00
17 0 +1.575603894e+02 +2.912603894e+02 +2.912603894e+02 -4.8443e+00 -2.6749e+00 -9.5064e-01 +8.9068e-01 +2.2937e+00
18 0 +1.267682684e+02 +2.604682684e+02 +2.604682684e+02 +2.2878e-01 +3.6318e+00 -1.3276e+00 +4.8993e+00 +3.1568e+00
202 0 +6.118881964e+01 +1.948888196e+02 +1.948888196e+02 +1.1618e+00 -3.2539e-01 -1.0273e-01 +2.4024e+00 +2.8752e+00
238 0 +6.118881964e+01 +1.948888196e+02 +1.948888196e+02 +1.1618e+00 -3.2539e-01 -1.0273e-01 +2.4024e+00 +2.8752e+00
% f evaluations | g evaluations | best noise-free fitness - Fopt (-2.098000000000e+01) + sum g_i+ | measured fitness | best measured fitness or single-digit g-values | x1 | x2...
1 0 +2.716457815e+03 +2.695477815e+03 +2.695477815e+03 +3.9576e+00 -1.2042e+00 -5.6616e-01 +1.7679e+00 +4.1411e+00
2 0 +6.334907563e+02 +6.125107563e+02 +6.125107563e+02 -1.0097e+00 -3.1369e+00 +8.8161e-01 +4.3092e+00 -3.4730e+00
3 0 +3.592544881e+02 +3.382744881e+02 +3.382744881e+02 -4.9087e+00 +1.8191e+00 -4.2356e+00 -3.7594e+00 -9.0779e-01
12 0 +2.854120416e+02 +2.644320416e+02 +2.644320416e+02 +2.9668e-01 +2.7224e+00 -4.6910e+00 +4.4050e+00 +6.6395e-03
23 0 +1.507325249e+02 +1.297525249e+02 +1.297525249e+02 +1.7691e-01 -2.6445e+00 -1.2648e+00 +2.3428e+00 +4.8032e-01
36 0 +1.028005157e+02 +8.182051567e+01 +8.182051567e+01 +2.6051e-01 +2.0585e+00 -9.5232e-01 -1.0283e+00 +7.6957e-01
48 0 +8.958147393e+01 +6.860147393e+01 +6.860147393e+01 +1.4152e+00 +1.2567e+00 -3.5742e+00 +3.1868e-01 +2.2422e+00
238 0 +8.958147393e+01 +6.860147393e+01 +6.860147393e+01 +1.4152e+00 +1.2567e+00 -3.5742e+00 +3.1868e-01 +2.2422e+00
% f evaluations | g evaluations | best noise-free fitness - Fopt (1.353300000000e+02) + sum g_i+ | measured fitness | best measured fitness or single-digit g-values | x1 | x2...
1 0 +6.716730112e+02 +8.070030112e+02 +8.070030112e+02 +2.7129e+00 +1.2261e+00 +3.7680e-01 -3.6865e+00 -6.9077e-02
2 0 +1.942451589e+02 +3.295751589e+02 +3.295751589e+02 +8.3423e-01 +8.6646e-02 -3.5016e-01 -4.5688e+00 -2.6511e-01
16 0 +1.735812236e+02 +3.089112236e+02 +3.089112236e+02 -3.7292e+00 +3.1250e+00 -2.1400e+00 -1.1526e+00 +9.4935e-01
27 0 +6.133800559e+01 +1.966680056e+02 +1.966680056e+02 -3.2766e+00 -1.0163e+00 +2.6828e-01 -2.2899e+00 +2.4384e+00
238 0 +5.786195367e+01 +1.931919537e+02 +1.931919537e+02 -1.5621e+00 +9.7201e-01 -6.3030e-01 -1.7903e+00 +2.0360e+00
% f evaluations | g evaluations | best noise-free fitness - Fopt (4.066000000000e+01) + sum g_i+ | measured fitness | best measured fitness or single-digit g-values | x1 | x2...
1 0 +3.779550160e+02 +4.186150160e+02 +4.186150160e+02 +3.2252e+00 -4.0151e-01 +4.4373e+00 -3.2820e+00 +2.2065e+00
5 0 +2.233622357e+02 +2.640222357e+02 +2.640222357e+02 +3.7413e+00 -1.1373e+00 +2.2938e+00 +1.8563e+00 +4.8635e-01
16 0 +1.768178220e+02 +2.174778220e+02 +2.174778220e+02 -3.3469e+00 -3.4528e+00 +3.2788e+00 -6.6545e-01 -8.4448e-01
29 0 +1.579086351e+02 +1.985686351e+02 +1.985686351e+02 -4.2558e+00 +1.1483e+00 +1.5592e+00 -1.1567e+00 -2.5232e-01
33 0 +1.313500321e+02 +1.720100321e+02 +1.720100321e+02 -3.0663e+00 +2.0184e+00 +3.9932e+00 -1.0269e-01 +2.8495e-01
127 0 +8.195364930e+01 +1.226136493e+02 +1.226136493e+02 +3.0694e+00 +4.1018e+00 +1.8636e+00 -8.9128e-01 +1.6332e+00
217 0 +7.204963416e+01 +1.127096342e+02 +1.127096342e+02 +8.3143e-01 +2.5978e+00 +2.6651e+00 -2.2585e+00 +6.7723e-01
238 0 +7.204963416e+01 +1.127096342e+02 +1.127096342e+02 +8.3143e-01 +2.5978e+00 +2.6651e+00 -2.2585e+00 +6.7723e-01
