% f evaluations | g evaluations | best noise-free fitness - Fopt (9.294000000000e+01) + sum g_i+ | measured fitness | best measured fitness or single-digit g-values | x1 | x2...
1 0 +4.301023494e+01 +1.359502349e+02 +1.359502349e+02 -4.0913e-01 +2.3385e+00 +5.3567e-01
10 0 +2.664110262e+01 +1.195811026e+02 +1.195811026e+02 -2.0643e+00 +7.6578e-01 -1.0106e+00
11 0 +1.158115982e+01 +1.045211598e+02 +1.045211598e+02 +2.1053e-01 -1.1253e+00 -4.3628e+00
51 0 +3.120769827e+00 +9.606076983e+01 +9.606076983e+01 -3.8172e-01 +9.9424e-01 +2.0987e-01
58 0 +2.304897794e+00 +9.524489779e+01 +9.524489779e+01 -6.3818e-01 +1.0195e+00 +1.9418e-01
89 0 +9.427948045e-01 +9.388279480e+01 +9.388279480e+01 -3.6289e-01 +8.2356e-01 +8.2783e-01
100 0 +9.427948045e-01 +9.388279480e+01 +9.388279480e+01 -3.6289e-01 +8.2356e-01 +8.2783e-01
% f evaluations | g evaluations | best noise-free fitness - Fopt (3.535000000000e+01) + sum g_i+ | measured fitness | best measured fitness or single-digit g-values | x1 | x2...
1 0 +1.126720226e+02 +1.480220226e+02 +1.480220226e+02 +2.1016e+00 +3.1764e+00 +3.6070e+00
17 0 +1.079456743e+02 +1.432956743e+02 +1.432956743e+02 +3.4150e+00 +2.0795e+00 -4.7770e+00
33 0 +1.990756052e+01 +5.525756052e+01 +5.525756052e+01 +1.3115e+00 +1.3086e+00 +4.1521e+00
51 0 +5.723656882e+00 +4.107365688e+01 +4.107365688e+01 +1.0281e+00 +1.6001e+00 +4.2339e+00
79 0 +3.081560847e+00 +3.843156085e+01 +3.843156085e+01 +1.6712e+00 +1.6568e+00 +2.9315e+00
80 0 +2.708905703e+00 +3.805890570e+01 +3.805890570e+01 +3.3410e+00 +4.4169e-01 +4.5501e-01
100 0 +2.708905703e+00 +3.805890570e+01 +3.805890570e+01 +3.3410e+00 +4.4169e-01 +4.5501e-01
% f evaluations | g evaluations | best noise-free fitness - Fopt (3.820000000000e+00) + sum g_i+ | measured fitness | best measured fitness or single-digit g-values | x1 | x2...
1 0 +2.369475221e+03 +2.373295221e+03 +2.373295221e+03 -1.5672e+00 -1.3460e+00 -4.2506e+00
3 0 +4.130925492e+02 +4.169125492e+02 +4.169125492e+02 -4.2513e+00 +3.7596e-02 +4.4178e+00
4 0 +1.119338060e+01 +1.501338060e+01 +1.501338060e+01 +2.8483e+00 -9.1283e-01 +1.4989e+00
61 0 +5.433407360e+00 +9.253407360e+00 +9.253407360e+00 +3.4926e+00 -1.6935e+00 +1.5198e+00
75 0 +3.440738697e+00 +7.260738697e+00 +7.260738697e+00 +5.0000e+00 -1.3124e+00 +1.4657e+00
82 0 +8.566554593e-01 +4.676655459e+00 +4.676655459e+00 +4.3781e+00 -6.1038e-01 +1.5543e+00
100 0 +8.566554593e-01 +4.676655459e+00 +4.676655459e+00 +4.3781e+00 -6.1038e-01 +1.5543e+00
% f evaluations | g evaluations | best noise-free fitness - Fopt (2.175000000000e+01) + sum g_i+ | measured fitness | best measured fitness or single-digit g-values | x1 | x2...
1 0 +5.709188972e+02 +5.926688972e+02 +5.926688972e+02 -1.2609e+00 -1.9620e-01 -2.2757e+00
3 0 +2.483681544e+02 +2.701181544e+02 +2.701181544e+02 -3.7953e+00 -3.3871e+00 +4.8334e+00
5 0 +2.539380516e+01 +4.714380516e+01 +4.714380516e+01 +1.9165e+00 +5.8811e-01 +1.0076e+00
40 0 +9.226685289e+00 +3.097668529e+01 +3.097668529e+01 +4.8586e+00 -2.6281e+00 -3.6984e+00
100 0 +9.226685289e+00 +3.097668529e+01 +3.097668529e+01 +4.8586e+00 -2.6281e+00 -3.6984e+00
% f evaluations | g evaluations | best noise-free fitness - Fopt (6.479000000000e+01) + sum g_i+ | measured fitness | best measured fitness or single-digit g-values | x1 | x2...
1 0 +1.321607449e+03 +1.386397449e+03 +1.386397449e+03 +4.2732e+00 -2.2123e-02 +1.3158e+00
2 0 +1.075101503e+02 +1.723001503e+02 +1.723001503e+02 -2.3082e+00 +3.9025e-01 +4.0318e+00
3 0 +8.889103018e+01 +1.536810302e+02 +1.536810302e+02 +5.6777e-01 +4.1424e+00 -1.1818e+00
7 0 +6.121162595e+01 +1.260016260e+02 +1.260016260e+02 -3.8962e+00 -4.3612e+00 -1.3990e+00
13 0 +5.535737069e+01 +1.201473707e+02 +1.201473707e+02 -1.1380e+00 +1.9254e+00 +3.3003e+00
21 0 +2.506100863e+01 +8.985100863e+01 +8.985100863e+01 -8.9603e-01 +2.1688e+00 +2.2917e+00
38 0 +1.719400495e+01 +8.198400495e+01 +8.198400495e+01 -2.8469e+00 -3.3727e+00 -2.8513e+00
42 0 +3.582677406e+00 +6.837267741e+01 +6.837267741e+01 -1.6499e+00 -2.8964e+00 +1.8249e+00
75 0 +2.271365801e+00 +6.706136580e+01 +6.706136580e+01 -1.4013e+00 -2.1900e+00 +7.0183e-01
76 0 +2.094588567e+00 +6.688458857e+01 +6.688458857e+01 -1.5429e+00 -1.6889e+00 +4.0332e-02
93 0 +1.402357524e+00 +6.619235752e+01 +6.619235752e+01 -1.8894e+00 -8.0764e-01 -9.0907e-01
100 0 +1.402357524e+00 +6.619235752e+01 +6.619235752e+01 -1.8894e+00 -8.0764e-01 -9.0907e-01
% f evaluations | g evaluations | best noise-free fitness - Fopt (-1.000000000000e+03) + sum g_i+ | measured fitness | best measured fitness or single-digit g-values | x1 | x2...
1 0 +3.819283044e+02 -6.180716956e+02 -6.180716956e+02 -9.7768e-01 -3.1698e+00 -3.2934e+00
2 0 +7.919622831e+01 -9.208037717e+02 -9.208037717e+02 -1.3178e+00 +2.8899e+00 -8.5017e-01
3 0 +4.875644082e+01 -9.512435592e+02 -9.512435592e+02 -2.0000e+00 +2.2620e+00 -4.0719e+00
22 0 +3.248987479e+00 -9.967510125e+02 -9.967510125e+02 -1.4380e+00 +9.5175e-01 -1.7882e+00
51 0 +2.859384598e+00 -9.971406154e+02 -9.971406154e+02 -1.2671e+00 +1.6052e+00 -2.5314e+00
88 0 +2.008873976e+00 -9.979911260e+02 -9.979911260e+02 -2.2760e+00 +8.2793e-01 -2.4903e+00
100 0 +2.008873976e+00 -9.979911260e+02 -9.979911260e+02 -2.2760e+00 +8.2793e-01 -2.4903e+00
% f evaluations | g evaluations | best noise-free fitness - Fopt (1.640700000000e+02) + sum g_i+ | measured fitness | best measured fitness or single-digit g-values | x1 | x2...
1 0 +6.358132631e+02 +7.998832631e+02 +7.998832631e+02 +1.7386e+00 -6.6575e-01 -3.6838e+00
4 0 +6.131332380e+02 +7.772032380e+02 +7.772032380e+02 +4.5285e+00 -2.8337e+00 -8.5183e-01
5 0 +4.825799683e+02 +6.466499683e+02 +6.466499683e+02 -4.6238e+00 -1.4597e+00 -3.1393e+00
8 0 +3.243713583e+02 +4.884413583e+02 +4.884413583e+02 -1.5436e+00 -1.2032e+00 +8.7278e-01
9 0 +1.125282970e+02 +2.765982970e+02 +2.765982970e+02 +1.1003e-01 +1.1244e+00 +1.6854e-01
16 0 +5.849636290e+01 +2.225663629e+02 +2.225663629e+02 -3.5288e+00 +3.7988e+00 -4.1770e+00
22 0 +1.313688219e+01 +1.772068822e+02 +1.772068822e+02 +1.5674e+00 +4.8281e+00 -2.4292e+00
86 0 +3.815628366e+00 +1.678856284e+02 +1.678856284e+02 +6.1193e-01 +4.2633e+00 -2.3774e+00
100 0 +3.815628366e+00 +1.678856284e+02 +1.678856284e+02 +6.1193e-01 +4.2633e+00 -2.3774e+00
% f evaluations | g evaluations | best noise-free fitness - Fopt (-1.656800000000e+02) + sum g_i+ | measured fitness | best measured fitness or single-digit g-values | x1 | x2...
1 0 +1.443032837e+02 -2.137671634e+01 -2.137671634e+01 +1.7346e+00 -9.6512e-01 -4.6032e+00
5 0 +1.884024756e+01 -1.468397524e+02 -1.468397524e+02 +2.2198e+00 -1.9038e+00 -3.3941e+00
12 0 +2.093821129e+00 -1.635861789e+02 -1.635861789e+02 -6.2641e-01 -8.9536e-01 +1.0685e+00
52 0 +3.606435001e-01 -1.653193565e+02 -1.653193565e+02 -5.4745e-01 -8.5778e-01 +7.5140e-01
100 0 +3.606435001e-01 -1.653193565e+02 -1.653193565e+02 -5.4745e-01 -8.5778e-01 +7.5140e-01
% f evaluations | g evaluations | best noise-free fitness - Fopt (9.284000000000e+01) + sum g_i+ | measured fitness | best measured fitness or single-digit g-values | x1 | x2...
1 0 +3.852186253e+02 +4.780586253e+02 +4.780586253e+02 +4.1810e+00 +4.6941e+00 -1.9264e+00
2 0 +4.826016072e+01 +1.411001607e+02 +1.411001607e+02 -5.8069e-01 -4.7964e+00 -3.5648e+00
7 0 +3.231784066e+01 +1.251578407e+02 +1.251578407e+02 -2.8976e-01 -2.1719e+00 -4.9327e+00
18 0 +1.205200402e+01 +1.048920040e+02 +1.048920040e+02 +3.2987e+00 -1.5321e+00 -3.5479e+00
21 0 +9.444182562e+00 +1.022841826e+02 +1.022841826e+02 +2.5760e+00 -3.2533e+00 -1.8041e+00
39 0 +6.484687070e+00 +9.932468707e+01 +9.932468707e+01 +1.7233e+00 -1.9960e+00 -4.1931e+00
68 0 +6.210507623e+00 +9.905050762e+01 +9.905050762e+01 +2.2669e+00 -1.6543e+00 -4.0798e+00
74 0 +2.415482007e+00 +9.525548201e+01 +9.525548201e+01 +2.2606e+00 -1.7054e+00 -3.2802e+00
78 0 +1.705967368e+00 +9.454596737e+01 +9.454596737e+01 +2.3084e+00 -3.0811e+00 -3.0047e+00
89 0 +8.440246278e-01 +9.368402463e+01 +9.368402463e+01 +2.1393e+00 -2.9649e+00 -2.7303e+00
100 0 +8.440246278e-01 +9.368402463e+01 +9.368402463e+01 +2.1393e+00 -2.9649e+00 -2.7303e+00
% f evaluations | g evaluations | best noise-free fitness - Fopt (-3.679200000000e+02) + sum g_i+ | measured fitness | best measured fitness or single-digit g-values | x1 | x2...
1 0 +9.648517456e+02 +5.969317456e+02 +5.969317456e+02 -3.0386e+00 -1.3278e+00 -3.5467e+00
2 0 +1.355006792e+02 -2.324193208e+02 -2.324193208e+02 +3.0075e+00 -4.6532e+00 +6.9169e-01
8 0 +1.649692802e+00 -3.662703072e+02 -3.662703072e+02 +1.5551e+00 +1.1211e-02 +2.2525e+00
72 0 +1.349549044e+00 -3.665704510e+02 -3.665704510e+02 +9.0994e-01 -2.3611e-01 +2.7600e+00
85 0 +2.183431241e-01 -3.677016569e+02 -3.677016569e+02 +7.6504e-01 -8.7492e-01 +2.4711e+00
100 0 +2.183431241e-01 -3.677016569e+02 -3.677016569e+02 +7.6504e-01 -8.7492e-01 +2.4711e+00
% f evaluations | g evaluations | best noise-free fitness - Fopt (4.950000000000e+01) + sum g_i+ | measured fitness | best measured fitness or single-digit g-values | x1 | x2...
1 0 +5.846277842e+02 +6.341277842e+02 +6.341277842e+02 -3.4044e+00 +3.8914e+00 -2.4310e+00
2 0 +1.036706901e+02 +1.531706901e+02 +1.531706901e+02 -4.9097e+00 +3.7186e+00 -4.2530e+00
12 0 +5.180891760e+01 +1.013089176e+02 +1.013089176e+02 -4.7062e+00 -4.5733e+00 +3.3848e+00
13 0 +5.961568814e+00 +5.546156881e+01 +5.546156881e+01 -2.4615e+00 -4.4810e+00 +3.7648e-01
64 0 +1.565056699e+00 +5.106505670e+01 +5.106505670e+01 -2.2531e+00 -1.8056e+00 -2.7944e+00
100 0 +1.565056699e+00 +5.106505670e+01 +5.106505670e+01 -2.2531e+00 -1.8056e+00 -2.7944e+00
% f evaluations | g evaluations | best noise-free fitness - Fopt (-1.277000000000e+01) + sum g_i+ | measured fitness | best measured fitness or single-digit g-values | x1 | x2...
1 0 +2.474202989e+01 +1.197202989e+01 +1.197202989e+01 +5.2946e-01 +3.1813e+00 +1.7355e+00
14 0 +2.091674722e+01 +8.146747222e+00 +8.146747222e+00 +8.9171e-01 -5.5247e-02 +3.6193e+00
42 0 +7.637530323e+00 -5.132469677e+00 -5.132469677e+00 +3.1363e+00 -9.0273e-01 +4.8664e+00
56 0 +4.258338613e+00 -8.511661387e+00 -8.511661387e+00 +2.4215e+00 -1.7652e-01 +3.7411e+00
61 0 +2.432545866e+00 -1.033745413e+01 -1.033745413e+01 +1.8719e+00 +8.0709e-01 +2.7643e+00
85 0 +1.259220202e+00 -1.151077980e+01 -1.151077980e+01 +1.6220e+00 +1.4085e+00 +2.1214e+00
94 0 +8.292945869e-01 -1.194070541e+01 -1.194070541e+01 +1.8889e+00 +1.6106e+00 +2.1465e+00
100 0 +8.292945869e-01 -1.194070541e+01 -1.194070541e+01 +1.8889e+00 +1.6106e+00 +2.1465e+00
% f evaluations | g evaluations | best noise-free fitness - Fopt (6.365000000000e+01) + sum g_i+ | measured fitness | best measured fitness or single-digit g-values | x1 | x2...
1 0 +5.677795803e+02 +6.314295803e+02 +6.314295803e+02 +1.4207e+00 +1.7650e+00 -2.0014e-01
3 0 +9.094587193e+01 +1.545958719e+02 +1.545958719e+02 -1.8554e+00 -4.2644e+00 -7.7046e-01
6 0 +7.071075636e+01 +1.343607564e+02 +1.343607564e+02 +3.9944e+00 -3.6607e+00 -4.9260e+00
12 0 +2.997821571e+01 +9.362821571e+01 +9.362821571e+01 -1.0090e+00 +1.3368e+00 -8.8740e-01
18 0 +1.282418284e+01 +7.647418284e+01 +7.647418284e+01 -3.8673e+00 +1.6702e+00 -2.1092e-01
25 0 +4.182878409e+00 +6.783287841e+01 +6.783287841e+01 -1.7979e+00 -8.7094e-01 -5.1804e-01
77 0 +2.765235904e+00 +6.641523590e+01 +6.641523590e+01 -2.1720e+00 -2.6526e-01 -7.3857e-01
100 0 +2.765235904e+00 +6.641523590e+01 +6.641523590e+01 -2.1720e+00 -2.6526e-01 -7.3857e-01
% f evaluations | g evaluations | best noise-free fitness - Fopt (6.991900000000e+02) + sum g_i+ | measured fitness | best measured fitness or single-digit g-values | x1 | x2...
1 0 +2.198967791e+03 +2.898157791e+03 +2.898157791e+03 -4.1145e+00 +4.0617e+00 +1.5015e+00
2 0 +5.368021094e+02 +1.235992109e+03 +1.235992109e+03 -2.0228e+00 -2.2989e-01 +3.7385e+00
3 0 +3.366152081e+02 +1.035805208e+03 +1.035805208e+03 +4.0634e+00 -3.6968e+00 +2.9679e-01
5 0 +7.978951409e+01 +7.789795141e+02 +7.789795141e+02 +8.1515e-01 -1.9739e+00 +2.7145e+00
9 0 +1.553734927e+01 +7.147273493e+02 +7.147273493e+02 +4.0896e+00 +3.3737e+00 -3.6572e+00
73 0 +1.407742813e+01 +7.132674281e+02 +7.132674281e+02 +5.0000e+00 +3.1385e+00 -3.3684e+00
92 0 +2.795089378e+00 +7.019850894e+02 +7.019850894e+02 +5.0000e+00 +4.0060e+00 -3.3590e+00
100 0 +2.795089378e+00 +7.019850894e+02 +7.019850894e+02 +5.0000e+00 +4.0060e+00 -3.3590e+00
% f evaluations | g evaluations | best noise-free fitness - Fopt (1.000000000000e+03) + sum g_i+ | measured fitness | best measured fitness or single-digit g-values | x1 | x2...
1 0 +1.841496854e+01 +1.018414969e+03 +1.018414969e+03 +4.9296e-02 +1.3571e+00 +6.9283e-01
11 0 +1.496060356e+01 +1.014960604e+03 +1.014960604e+03 +4.8059e+00 -1.5526e+00 +3.2421e+00
19 0 +1.332301782e+01 +1.013323018e+03 +1.013323018e+03 -1.4707e+00 +2.9576e+00 -1.5755e+00
54 0 +7.933652092e+00 +1.007933652e+03 +1.007933652e+03 -1.3533e+00 -1.2166e-01 -3.0368e-01
65 0 +3.814978527e+00 +1.003814979e+03 +1.003814979e+03 -1.7762e+00 +5.4920e-01 -1.4126e+00
66 0 +5.615536063e-01 +1.000561554e+03 +1.000561554e+03 -1.2141e+00 +8.3455e-01 -9.7192e-01
100 0 +5.615536063e-01 +1.000561554e+03 +1.000561554e+03 -1.2141e+00 +8.3455e-01 -9.7192e-01
