% f evaluations | g evaluations | best noise-free fitness - Fopt (-2.098800000000e+02) + sum g_i+ | measured fitness | best measured fitness or single-digit g-values | x1 | x2...
1 0 +9.677099357e+05 +9.675000557e+05 +9.675000557e+05 +2.3575e+00 +4.2729e+00 -1.3042e+00 -1.4075e+00 +1.0247e+00
15 0 +5.436354686e+05 +5.434255886e+05 +5.434255886e+05 -4.2419e+00 +3.1792e+00 +4.1533e+00 +1.9404e+00 +2.5837e+00
20 0 +3.265201396e+05 +3.263102596e+05 +3.263102596e+05 -4.1902e+00 -2.4060e+00 -1.3024e-01 +3.7046e+00 +1.2766e+00
56 0 +2.149035587e+04 +2.128047587e+04 +2.128047587e+04 -5.0000e+00 -2.4032e+00 -7.2272e-01 +2.6515e+00 +1.7605e+00
150 0 +2.149035587e+04 +2.128047587e+04 +2.128047587e+04 -5.0000e+00 -2.4032e+00 -7.2272e-01 +2.6515e+00 +1.7605e+00
% f evaluations | g evaluations | best noise-free fitness - Fopt (-9.209000000000e+01) + sum g_i+ | measured fitness | best measured fitness or single-digit g-values | x1 | x2...
1 0 +1.665792503e+07 +1.665783294e+07 +1.665783294e+07 -2.9681e+00 -2.5031e+00 +3.3343e-01 +1.0611e+00 +3.9317e+00
2 0 +6.685327151e+06 +6.685235061e+06 +6.685235061e+06 -8.2404e-01 -4.7367e+00 +3.7766e+00 -2.6865e+00 +2.3143e+00
3 0 +9.158641213e+05 +9.157720313e+05 +9.157720313e+05 -4.8241e+00 -5.5419e-02 +3.5135e+00 +2.5054e+00 +4.1227e-01
13 0 +3.557558263e+05 +3.556637363e+05 +3.556637363e+05 +7.8974e-01 +1.8502e+00 -4.6719e-01 +1.2003e+00 +1.5246e-01
27 0 +1.424504743e+05 +1.423583843e+05 +1.423583843e+05 +3.7005e+00 +3.9892e+00 +3.5582e+00 -2.8999e+00 +1.7624e-01
60 0 +1.344783332e+05 +1.343862432e+05 +1.343862432e+05 +2.6326e+00 +7.6789e-01 +4.6586e+00 -2.8433e+00 -4.0165e-01
63 0 +1.106409859e+04 +1.097200859e+04 +1.097200859e+04 +8.5545e-01 +1.1855e+00 +2.1671e+00 -2.1543e+00 -1.7399e-01
77 0 +9.810020440e+03 +9.717930440e+03 +9.717930440e+03 +1.7858e+00 +2.9506e+00 +2.3209e+00 -1.9429e+00 -5.2292e-02
79 0 +4.910930227e+03 +4.818840227e+03 +4.818840227e+03 +1.6551e+00 +2.4489e+00 +1.2294e+00 -1.9308e+00 -1.7510e-01
150 0 +4.910930227e+03 +4.818840227e+03 +4.818840227e+03 +1.6551e+00 +2.4489e+00 +1.2294e+00 -1.9308e+00 -1.7510e-01
% f evaluations | g evaluations | best noise-free fitness - Fopt (-8.789000000000e+01) + sum g_i+ | measured fitness | best measured fitness or single-digit g-values | x1 | x2...
1 0 +1.281643144e+07 +1.281634355e+07 +1.281634355e+07 -2.7810e+00 -3.4962e+00 -3.1106e+00 +4.9388e+00 +3.3745e-01
3 0 +8.868998267e+06 +8.868910377e+06 +8.868910377e+06 -2.8471e+00 +2.9601e+00 -3.0202e-01 -2.0195e+00 -4.8210e-02
5 0 +3.646777204e+06 +3.646689314e+06 +3.646689314e+06 -4.6103e-01 +5.0416e-01 -3.1658e+00 +4.6000e+00 -1.5643e+00
6 0 +2.655006407e+06 +2.654918517e+06 +2.654918517e+06 -4.7628e+00 +1.3507e+00 +4.1082e+00 +2.4047e+00 -1.6900e+00
8 0 +1.719132547e+06 +1.719044657e+06 +1.719044657e+06 -2.3201e+00 -3.1252e+00 -1.5838e+00 +2.3538e+00 -4.1100e+00
21 0 +4.452565151e+05 +4.451686251e+05 +4.451686251e+05 +4.5168e+00 -2.4905e+00 +1.3412e+00 -6.2156e-01 -3.7534e+00
28 0 +1.383055708e+05 +1.382176808e+05 +1.382176808e+05 -4.7912e+00 -6.4060e-01 +3.8026e+00 -2.5531e+00 -3.4251e+00
71 0 +1.092319158e+05 +1.091440258e+05 +1.091440258e+05 -5.0000e+00 -3.6422e-01 +2.5801e+00 -2.8888e+00 -3.3801e+00
95 0 +7.110038265e+04 +7.101249265e+04 +7.101249265e+04 -3.1095e+00 -3.2671e+00 +4.2311e+00 -1.0405e+00 -3.2189e+00
98 0 +6.741921369e+04 +6.733132369e+04 +6.733132369e+04 -2.5574e+00 -2.0902e+00 +5.5138e-01 -1.0377e+00 -2.9203e+00
127 0 +6.063677581e+04 +6.054888581e+04 +6.054888581e+04 -5.0000e+00 -2.3398e+00 +3.5199e+00 -2.8156e+00 -2.8831e+00
148 0 +5.096608372e+04 +5.087819372e+04 +5.087819372e+04 -4.7482e+00 -4.6888e+00 +1.5554e+00 -3.2107e+00 -3.1741e+00
150 0 +5.096608372e+04 +5.087819372e+04 +5.087819372e+04 -4.7482e+00 -4.6888e+00 +1.5554e+00 -3.2107e+00 -3.1741e+00
% f evaluations | g evaluations | best noise-free fitness - Fopt (3.201900000000e+02) + sum g_i+ | measured fitness | best measured fitness or single-digit g-values | x1 | x2...
1 0 +9.273853310e+06 +9.274173500e+06 +9.274173500e+06 -4.4691e+00 +3.9985e+00 -1.5610e+00 -4.6232e+00 -4.4727e-01
2 0 +2.514875241e+05 +2.518077141e+05 +2.518077141e+05 -8.1062e-01 +3.3134e+00 -1.5525e+00 -1.5558e+00 -3.9474e+00
50 0 +8.400151830e+04 +8.432170830e+04 +8.432170830e+04 -4.5970e+00 -4.6701e+00 -4.2319e+00 -1.9190e+00 -3.5960e+00
52 0 +5.781503937e+04 +5.813522937e+04 +5.813522937e+04 -5.0000e+00 +2.4418e+00 -1.6958e+00 -2.0112e+00 -3.4428e+00
54 0 +3.612871514e+04 +3.644890514e+04 +3.644890514e+04 -3.2652e+00 -1.4693e+00 -3.8517e+00 -3.2087e-01 -3.4662e+00
56 0 +3.297109500e+04 +3.329128500e+04 +3.329128500e+04 +1.7682e+00 -2.2926e+00 -2.5578e+00 -3.1304e-01 -3.5579e+00
89 0 +1.609461265e+04 +1.641480265e+04 +1.641480265e+04 +3.5234e+00 +3.1883e-01 +2.0621e+00 -1.8538e-01 -3.4717e+00
103 0 +7.734135175e+03 +8.054325175e+03 +8.054325175e+03 +6.9438e-01 -1.4626e-01 +1.8043e+00 -9.4219e-01 -3.5610e+00
150 0 +6.752145990e+03 +7.072335990e+03 +7.072335990e+03 +3.6411e+00 +3.5325e+00 +2.8839e+00 -9.9171e-01 -3.5241e+00
% f evaluations | g evaluations | best noise-free fitness - Fopt (-1.042400000000e+02) + sum g_i+ | measured fitness | best measured fitness or single-digit g-values | x1 | x2...
1 0 +1.728623411e+07 +1.728612987e+07 +1.728612987e+07 +3.3481e+00 +2.5961e+00 -4.3198e+00 +4.2269e+00 -4.1164e+00
2 0 +4.043455010e+06 +4.043350770e+06 +4.043350770e+06 +1.7840e+00 +1.4648e+00 +2.9006e+00 +4.2295e+00 -1.7896e+00
3 0 +1.130515480e+06 +1.130411240e+06 +1.130411240e+06 +1.3081e+00 +1.6369e+00 +4.0416e+00 -8.5961e-01 +9.7175e-01
4 0 +8.919062742e+04 +8.908638742e+04 +8.908638742e+04 -1.7904e+00 -1.5586e+00 +3.5169e+00 -1.1652e+00 +2.0642e-01
30 0 +1.655449354e+04 +1.645025354e+04 +1.645025354e+04 -4.0491e+00 +3.5988e+00 -2.1785e+00 -6.3167e-01 -1.5493e-02
150 0 +1.655449354e+04 +1.645025354e+04 +1.645025354e+04 -4.0491e+00 +3.5988e+00 -2.1785e+00 -6.3167e-01 -1.5493e-02
% f evaluations | g evaluations | best noise-free fitness - Fopt (-6.785000000000e+01) + sum g_i+ | measured fitness | best measured fitness or single-digit g-values | x1 | x2...
1 0 +2.317984596e+07 +2.317977811e+07 +2.317977811e+07 -1.6803e+00 +2.0037e-01 -4.1062e+00 +4.2610e+00 +3.4849e+00
2 0 +2.382269507e+06 +2.382201657e+06 +2.382201657e+06 +3.3613e+00 +3.2237e+00 -4.3495e+00 -9.5646e-01 -1.1749e-01
5 0 +1.802951340e+06 +1.802883490e+06 +1.802883490e+06 +8.6050e-01 +4.8662e+00 +1.3094e-03 +2.3482e+00 -1.4453e-01
8 0 +5.304099852e+05 +5.303421352e+05 +5.303421352e+05 +1.1232e+00 -2.8045e+00 -1.4777e-01 +9.0958e-01 -2.0397e+00
10 0 +2.163846100e+04 +2.157061100e+04 +2.157061100e+04 -3.6866e+00 +3.1014e-01 +2.5409e+00 +3.7359e+00 -1.2942e+00
77 0 +1.450361057e+04 +1.443576057e+04 +1.443576057e+04 -4.1438e+00 +1.3452e+00 +2.9391e+00 +2.3918e+00 -1.3254e+00
150 0 +1.450361057e+04 +1.443576057e+04 +1.443576057e+04 -4.1438e+00 +1.3452e+00 +2.9391e+00 +2.3918e+00 -1.3254e+00
% f evaluations | g evaluations | best noise-free fitness - Fopt (-3.639800000000e+02) + sum g_i+ | measured fitness | best measured fitness or single-digit g-values | x1 | x2...
1 0 +3.829071972e+06 +3.828707992e+06 +3.828707992e+06 -1.2756e+00 +4.6149e+00 -1.5143e+00 -4.0222e+00 +3.5044e+00
3 0 +3.709309201e+06 +3.708945221e+06 +3.708945221e+06 -5.5280e-01 +2.4382e-02 -3.6288e+00 +4.2431e-01 +4.5195e-01
6 0 +2.965037794e+05 +2.961397994e+05 +2.961397994e+05 +4.3307e+00 -3.5043e+00 +3.2667e+00 +1.1148e+00 +2.4154e+00
18 0 +2.374516150e+05 +2.370876350e+05 +2.370876350e+05 -3.4779e+00 -2.1694e+00 +2.7291e+00 +1.2379e+00 +2.3275e+00
33 0 +1.831849595e+05 +1.828209795e+05 +1.828209795e+05 +1.9622e+00 -4.3114e+00 -5.0030e-01 +2.2831e+00 +1.8906e+00
42 0 +5.681429145e+04 +5.645031145e+04 +5.645031145e+04 -4.2503e+00 +3.2901e+00 +2.2050e+00 +3.6738e+00 +2.4002e+00
73 0 +5.551515303e+03 +5.187535303e+03 +5.187535303e+03 -3.9660e+00 +9.1508e-01 +2.1676e+00 +3.6918e+00 +2.2259e+00
150 0 +5.551515303e+03 +5.187535303e+03 +5.187535303e+03 -3.9660e+00 +9.1508e-01 +2.1676e+00 +3.6918e+00 +2.2259e+00
% f evaluations | g evaluations | best noise-free fitness - Fopt (-1.865000000000e+01) + sum g_i+ | measured fitness | best measured fitness or single-digit g-values | x1 | x2...
1 0 +9.891323552e+05 +9.891137052e+05 +9.891137052e+05 -1.6043e+00 +4.9704e+00 -4.8250e+00 +3.0052e-01 -3.9760e+00
2 0 +4.951029707e+05 +4.950843207e+05 +4.950843207e+05 +1.5987e+00 -1.4202e+00 -4.1075e+00 +1.7653e-01 -2.2933e+00
5 0 +3.740946440e+05 +3.740759940e+05 +3.740759940e+05 +2.0197e+00 +6.2686e-01 -3.9310e+00 +1.7214e+00 -2.4518e+00
14 0 +2.344587544e+05 +2.344401044e+05 +2.344401044e+05 -3.6151e+00 -1.0228e+00 -1.1191e+00 +1.7697e+00 -3.3789e+00
35 0 +1.117485405e+05 +1.117298905e+05 +1.117298905e+05 +4.3112e+00 +1.5160e+00 -3.6799e+00 -1.3614e+00 -3.0848e+00
55 0 +1.071410248e+04 +1.069545248e+04 +1.069545248e+04 +4.7847e+00 +7.1282e-01 -3.5886e+00 +7.6178e-01 -2.9331e+00
84 0 +6.416696152e+03 +6.398046152e+03 +6.398046152e+03 +2.1983e+00 -1.2279e+00 -3.3762e+00 +5.5080e-01 -2.9204e+00
150 0 +6.416696152e+03 +6.398046152e+03 +6.398046152e+03 +2.1983e+00 -1.2279e+00 -3.3762e+00 +5.5080e-01 -2.9204e+00
% f evaluations | g evaluations | best noise-free fitness - Fopt (1.749200000000e+02) + sum g_i+ | measured fitness | best measured fitness or single-digit g-values | x1 | x2...
1 0 +5.629706303e+07 +5.629723795e+07 +5.629723795e+07 -7.8348e-01 -1.8097e+00 -3.4072e+00 -6.9624e-01 +4.3127e+00
2 0 +3.900913971e+06 +3.901088891e+06 +3.901088891e+06 -4.3796e-01 +3.8879e+00 -2.1783e+00 +3.4135e+00 -4.4937e+00
5 0 +9.987649986e+05 +9.989399186e+05 +9.989399186e+05 +4.5949e-01 +2.2925e+00 -2.8287e+00 +3.8078e+00 -2.9575e+00
13 0 +8.693865687e+05 +8.695614887e+05 +8.695614887e+05 -4.7351e+00 +3.4364e+00 -3.4817e+00 +3.1659e+00 -3.1759e+00
14 0 +2.106858351e+05 +2.108607551e+05 +2.108607551e+05 +4.5457e+00 -6.2648e-01 +2.9636e-01 +5.1617e-01 -2.9163e+00
50 0 +1.226995076e+05 +1.228744276e+05 +1.228744276e+05 -1.2876e+00 +1.4090e+00 +2.6226e-01 -1.3031e+00 -3.1773e+00
61 0 +1.072682918e+05 +1.074432118e+05 +1.074432118e+05 -1.4059e+00 -3.4759e-01 +4.2077e-01 -3.2091e+00 -2.7186e+00
63 0 +8.420602311e+04 +8.438094311e+04 +8.438094311e+04 -4.1623e+00 -1.1606e+00 -1.3486e+00 -4.4891e-01 -2.9906e+00
67 0 +1.850661889e+04 +1.868153889e+04 +1.868153889e+04 -4.1678e+00 +3.6554e+00 -1.4503e+00 -2.4372e+00 -2.9277e+00
114 0 +5.687103986e+03 +5.862023986e+03 +5.862023986e+03 -5.0000e+00 -3.0722e-01 -3.0454e+00 -1.9776e+00 -2.9403e+00
150 0 +5.687103986e+03 +5.862023986e+03 +5.862023986e+03 -5.0000e+00 -3.0722e-01 -3.0454e+00 -1.9776e+00 -2.9403e+00
% f evaluations | g evaluations | best noise-free fitness - Fopt (-5.659600000000e+02) + sum g_i+ | measured fitness | best measured fitness or single-digit g-values | x1 | x2...
1 0 +1.156496415e+07 +1.156439819e+07 +1.156439819e+07 +4.0221e+00 -4.1910e+00 -2.7364e+00 +4.7262e+00 -2.9502e-01
3 0 +4.492363176e+05 +4.486703576e+05 +4.486703576e+05 -3.4503e+00 +2.9378e+00 +1.7314e+00 -4.9729e+00 -3.1853e+00
16 0 +2.254750731e+05 +2.249091131e+05 +2.249091131e+05 +2.5109e+00 -3.9212e+00 +3.2644e+00 -4.1968e+00 -3.7296e+00
17 0 +1.303129434e+05 +1.297469834e+05 +1.297469834e+05 +4.2600e+00 -3.8681e+00 -2.9206e+00 +1.6652e-01 -3.6230e+00
29 0 +6.101126119e+04 +6.044530119e+04 +6.044530119e+04 +3.6783e+00 -5.0249e-01 +3.2826e+00 -2.7952e+00 -3.4953e+00
53 0 +3.278976759e+04 +3.222380759e+04 +3.222380759e+04 +5.0000e+00 -1.5570e+00 +2.3966e+00 -2.4275e+00 -3.6135e+00
116 0 +1.858123784e+04 +1.801527784e+04 +1.801527784e+04 +5.0000e+00 -8.4202e-01 +1.7691e+00 -1.6385e+00 -3.6093e+00
143 0 +9.973714842e+03 +9.407754842e+03 +9.407754842e+03 +5.0000e+00 -1.3997e+00 +3.5307e-01 -1.5445e+00 -3.5658e+00
150 0 +9.973714842e+03 +9.407754842e+03 +9.407754842e+03 +5.0000e+00 -1.3997e+00 +3.5307e-01 -1.5445e+00 -3.5658e+00
% f evaluations | g evaluations | best noise-free fitness - Fopt (7.095000000000e+01) + sum g_i+ | measured fitness | best measured fitness or single-digit g-values | x1 | x2...
1 0 +2.567652964e+06 +2.567723914e+06 +2.567723914e+06 +2.9133e+00 -1.5862e+00 -2.1951e+00 -3.3385e+00 +2.4046e+00
3 0 +2.472306108e+06 +2.472377058e+06 +2.472377058e+06 -2.5621e-01 +3.2175e+00 +1.5290e+00 -1.4688e+00 +4.9541e+00
6 0 +1.587608516e+06 +1.587679466e+06 +1.587679466e+06 -1.6545e+00 -5.7929e-01 -3.6467e+00 +2.5277e+00 +4.7444e+00
10 0 +9.189846323e+05 +9.190555823e+05 +9.190555823e+05 +1.5437e+00 -3.9350e+00 +1.3689e+00 +1.2132e+00 +2.6494e+00
14 0 +1.212538952e+05 +1.213248452e+05 +1.213248452e+05 +2.3634e+00 +4.0619e+00 +3.9637e+00 +9.6003e-01 +3.5220e+00
76 0 +8.802968639e+04 +8.810063639e+04 +8.810063639e+04 +1.9863e+00 +4.7023e+00 -2.4468e+00 +1.0266e+00 +3.4726e+00
77 0 +5.535403931e+04 +5.542498931e+04 +5.542498931e+04 -1.1592e+00 +2.6142e+00 -2.7328e+00 +1.1904e+00 +3.5568e+00
92 0 +2.855976055e+04 +2.863071055e+04 +2.863071055e+04 -9.1563e-01 +1.6175e+00 -1.8016e+00 +1.4557e+00 +3.5592e+00
117 0 +5.379004273e+03 +5.449954273e+03 +5.449954273e+03 -4.5167e-01 +2.6153e+00 -2.5683e+00 +2.0720e+00 +3.5592e+00
150 0 +5.379004273e+03 +5.449954273e+03 +5.449954273e+03 -4.5167e-01 +2.6153e+00 -2.5683e+00 +2.0720e+00 +3.5592e+00
% f evaluations | g evaluations | best noise-free fitness - Fopt (4.728000000000e+01) + sum g_i+ | measured fitness | best measured fitness or single-digit g-values | x1 | x2...
1 0 +3.642615347e+05 +3.643088147e+05 +3.643088147e+05 -2.9519e+00 -4.5854e+00 -3.4914e-01 +2.3289e+00 -1.2270e+00
11 0 +3.216347346e+05 +3.216820146e+05 +3.216820146e+05 -4.7279e+00 -1.9657e+00 +1.3215e+00 -1.6909e+00 -1.8945e+00
20 0 +2.139603255e+05 +2.140076055e+05 +2.140076055e+05 -4.9868e+00 -4.2133e+00 +3.8211e-01 -2.3790e+00 -9.1197e-01
40 0 +1.351866370e+05 +1.352339170e+05 +1.352339170e+05 +5.5090e-01 +2.0993e+00 -4.8370e+00 -1.2304e+00 -1.5755e+00
45 0 +5.872503542e+04 +5.877231542e+04 +5.877231542e+04 +4.3714e+00 -2.1258e+00 -1.1056e+00 -1.6078e+00 -1.4732e+00
80 0 +2.770706177e+04 +2.775434177e+04 +2.775434177e+04 +1.2253e+00 -1.8432e+00 +3.5406e+00 -1.6927e+00 -1.4318e+00
100 0 +2.319397196e+04 +2.324125196e+04 +2.324125196e+04 +4.4740e-01 -2.0162e+00 +5.0000e+00 -1.8212e+00 -1.2278e+00
102 0 +1.879076843e+04 +1.883804843e+04 +1.883804843e+04 +2.4845e+00 -3.4480e+00 +2.1896e+00 -1.3396e+00 -1.1832e+00
111 0 +1.312995719e+04 +1.317723719e+04 +1.317723719e+04 +5.0000e+00 -3.7668e+00 +9.8370e-01 -1.4460e+00 -1.3620e+00
133 0 +1.194189975e+04 +1.198917975e+04 +1.198917975e+04 +5.0000e+00 -5.0000e+00 +1.1822e+00 -1.3885e+00 -1.3710e+00
135 0 +9.259704014e+03 +9.306984014e+03 +9.306984014e+03 +5.0000e+00 -2.7039e+00 +1.2227e+00 -8.6687e-01 -1.2474e+00
147 0 +5.196466753e+03 +5.243746753e+03 +5.243746753e+03 +4.1652e+00 -4.1288e+00 +3.1202e+00 -1.2676e+00 -1.3693e+00
150 0 +5.196466753e+03 +5.243746753e+03 +5.243746753e+03 +4.1652e+00 -4.1288e+00 +3.1202e+00 -1.2676e+00 -1.3693e+00
% f evaluations | g evaluations | best noise-free fitness - Fopt (-5.688800000000e+02) + sum g_i+ | measured fitness | best measured fitness or single-digit g-values | x1 | x2...
1 0 +6.543094133e+05 +6.537405333e+05 +6.537405333e+05 +4.2965e+00 +4.0298e+00 -1.1649e+00 -1.2665e+00 +2.2023e+00
14 0 +5.466133077e+05 +5.460444277e+05 +5.460444277e+05 -2.9710e+00 -3.2541e+00 +3.8013e+00 -4.2711e+00 +2.2711e+00
23 0 +4.748497605e+05 +4.742808805e+05 +4.742808805e+05 -2.0548e+00 +8.1545e-01 -2.7529e+00 -1.8441e+00 +8.4298e-01
31 0 +1.066085978e+05 +1.060397178e+05 +1.060397178e+05 +1.2859e+00 +4.0589e+00 +2.3536e-02 -2.5167e+00 +1.8067e+00
70 0 +8.093892833e+03 +7.525012833e+03 +7.525012833e+03 +7.3739e-01 +8.4480e-01 +6.4407e-01 -3.0866e+00 +1.5276e+00
140 0 +5.262770544e+03 +4.693890544e+03 +4.693890544e+03 +2.1538e+00 -1.4838e+00 +4.8440e-01 -3.5742e+00 +1.4890e+00
150 0 +5.262770544e+03 +4.693890544e+03 +4.693890544e+03 +2.1538e+00 -1.4838e+00 +4.8440e-01 -3.5742e+00 +1.4890e+00
% f evaluations | g evaluations | best noise-free fitness - Fopt (2.069000000000e+01) + sum g_i+ | measured fitness | best measured fitness or single-digit g-values | x1 | x2...
1 0 +5.188888263e+06 +5.188908953e+06 +5.188908953e+06 -3.3203e+00 -1.4510e+00 +4.4450e+00 +2.8992e-01 +1.9845e-01
2 0 +3.850829391e+05 +3.851036291e+05 +3.851036291e+05 -1.8684e+00 -9.8784e-01 +1.5275e+00 -2.6117e+00 +2.7664e+00
10 0 +3.314579894e+05 +3.314786794e+05 +3.314786794e+05 +2.0121e+00 +4.6382e+00 +3.3441e+00 +3.9033e+00 +2.4140e+00
35 0 +1.319019112e+05 +1.319226012e+05 +1.319226012e+05 +1.8664e+00 +4.9140e+00 -3.0734e+00 +1.4995e+00 +2.8252e+00
52 0 +1.142435811e+05 +1.142642711e+05 +1.142642711e+05 +8.1319e-01 +2.5229e+00 -4.9578e+00 +2.6766e-01 +2.7949e+00
60 0 +1.096180212e+04 +1.098249212e+04 +1.098249212e+04 +5.6590e-01 +3.1640e+00 +8.2008e-01 +8.6515e-01 +2.6211e+00
76 0 +2.261294898e+03 +2.281984898e+03 +2.281984898e+03 -3.0757e-01 +4.2508e+00 +6.7744e-01 +4.9267e-01 +2.5209e+00
150 0 +2.261294898e+03 +2.281984898e+03 +2.281984898e+03 -3.0757e-01 +4.2508e+00 +6.7744e-01 +4.9267e-01 +2.5209e+00
% f evaluations | g evaluations | best noise-free fitness - Fopt (5.616700000000e+02) + sum g_i+ | measured fitness | best measured fitness or single-digit g-values | x1 | x2...
1 0 +2.117342906e+06 +2.117904576e+06 +2.117904576e+06 +4.9089e+00 -3.3197e+00 -3.4133e+00 +1.0322e+00 -8.1584e-01
7 0 +1.650536160e+06 +1.651097830e+06 +1.651097830e+06 +5.3920e-01 +2.9457e+00 +1.4278e+00 -1.4643e+00 -5.9610e-01
10 0 +4.622020246e+05 +4.627636946e+05 +4.627636946e+05 -3.0375e-01 +4.1827e+00 +2.8545e+00 +3.9964e+00 +1.0054e+00
21 0 +3.698776324e+05 +3.704393024e+05 +3.704393024e+05 -4.6988e+00 +3.6578e+00 +1.6482e+00 +4.9787e+00 +6.6760e-01
23 0 +1.210300612e+05 +1.215917312e+05 +1.215917312e+05 +6.3611e-01 +1.9306e-01 -1.0360e+00 +1.3673e+00 +1.8120e-01
25 0 +8.090256934e+03 +8.651926934e+03 +8.651926934e+03 +2.9775e+00 +4.5641e+00 -4.0290e+00 +2.0076e+00 +5.2879e-01
73 0 +1.693456417e+03 +2.255126417e+03 +2.255126417e+03 +3.2121e+00 +2.4565e+00 -2.8433e+00 +1.5389e+00 +5.4231e-01
150 0 +1.693456417e+03 +2.255126417e+03 +2.255126417e+03 +3.2121e+00 +2.4565e+00 -2.8433e+00 +1.5389e+00 +5.4231e-01
