% f evaluations | g evaluations | best noise-free fitness - Fopt (-1.694000000000e+01) + sum g_i+ | measured fitness | best measured fitness or single-digit g-values | x1 | x2...
1 0 +1.028937956e+02 +8.595379559e+01 +8.595379559e+01 +4.3202e+00 -2.0660e-01 -3.2534e+00 -2.0018e+00 -9.7047e-01
3 0 +5.112923495e+01 +3.418923495e+01 +3.418923495e+01 +2.0305e+00 +4.5184e+00 +1.4293e+00 +2.4043e+00 +1.4953e+00
5 0 +3.297012491e+01 +1.603012491e+01 +1.603012491e+01 +2.6737e+00 +1.6733e+00 -2.9015e+00 +4.4612e+00 -2.9898e+00
30 0 +3.062005764e+01 +1.368005764e+01 +1.368005764e+01 +2.7671e+00 +3.9276e-02 -1.0672e-01 +2.3461e+00 +7.4597e-01
39 0 +2.683215212e+01 +9.892152123e+00 +9.892152123e+00 +3.8496e+00 +3.6657e+00 +1.8072e+00 +8.0402e-01 +2.2489e+00
99 0 +2.683215212e+01 +9.892152123e+00 +9.892152123e+00 +3.8496e+00 +3.6657e+00 +1.8072e+00 +8.0402e-01 +2.2489e+00
% f evaluations | g evaluations | best noise-free fitness - Fopt (1.881000000000e+01) + sum g_i+ | measured fitness | best measured fitness or single-digit g-values | x1 | x2...
1 0 +2.764045981e+02 +2.952145981e+02 +2.952145981e+02 -4.2281e+00 +4.8965e+00 +2.0716e+00 -1.8729e+00 -4.5135e-01
2 0 +7.578286824e+01 +9.459286824e+01 +9.459286824e+01 +2.1683e+00 +3.9539e+00 +1.8917e+00 +4.0145e+00 +1.4693e+00
3 0 +5.573595544e+01 +7.454595544e+01 +7.454595544e+01 +3.2768e+00 -4.7705e+00 -4.3565e+00 +1.9127e+00 +2.1039e+00
14 0 +4.374279574e+01 +6.255279574e+01 +6.255279574e+01 +1.1041e+00 +9.8437e-01 -3.9454e+00 +3.5608e+00 +1.0273e+00
16 0 +3.851849926e+01 +5.732849926e+01 +5.732849926e+01 -3.4268e+00 -2.1195e+00 -3.8133e+00 +3.5393e+00 +3.4712e+00
38 0 +3.260680867e+01 +5.141680867e+01 +5.141680867e+01 -3.6070e+00 +2.7323e+00 -1.5761e+00 +3.7286e+00 -2.5215e-01
50 0 +1.946587097e+01 +3.827587097e+01 +3.827587097e+01 -1.3846e+00 +2.7554e+00 -1.9356e+00 +5.6656e-01 +2.9694e+00
94 0 +1.060200568e+01 +2.941200568e+01 +2.941200568e+01 -1.3846e+00 -8.0017e-02 -1.6772e+00 +5.6656e-01 +2.9694e+00
99 0 +1.060200568e+01 +2.941200568e+01 +2.941200568e+01 -1.3846e+00 -8.0017e-02 -1.6772e+00 +5.6656e-01 +2.9694e+00
% f evaluations | g evaluations | best noise-free fitness - Fopt (2.731500000000e+02) + sum g_i+ | measured fitness | best measured fitness or single-digit g-values | x1 | x2...
1 0 +1.197914641e+02 +3.929414641e+02 +3.929414641e+02 +3.6727e+00 -1.6319e+00 +3.2711e+00 +1.3992e+00 -3.9577e+00
3 0 +8.487983271e+01 +3.580298327e+02 +3.580298327e+02 +3.9284e+00 -2.1910e+00 +3.5426e+00 +2.2969e+00 -9.6829e-01
5 0 +7.248183484e+01 +3.456318348e+02 +3.456318348e+02 -3.9962e+00 -2.7015e+00 +2.8747e+00 +1.3159e+00 +9.3369e-01
17 0 +3.421166984e+01 +3.073616698e+02 +3.073616698e+02 -6.5172e-01 -5.8313e-02 +3.4929e+00 +2.3245e+00 +1.5963e+00
35 0 +1.796161537e+01 +2.911116154e+02 +2.911116154e+02 -1.3463e+00 +3.3183e+00 -3.6425e-01 +3.4207e+00 +2.8500e+00
79 0 +1.668072180e+01 +2.898307218e+02 +2.898307218e+02 -2.8276e+00 +3.3183e+00 -3.6425e-01 +2.5510e+00 +2.8500e+00
80 0 +1.333869144e+01 +2.864886914e+02 +2.864886914e+02 -3.9828e+00 +3.3183e+00 -3.6425e-01 +3.4207e+00 +2.8500e+00
99 0 +1.333869144e+01 +2.864886914e+02 +2.864886914e+02 -3.9828e+00 +3.3183e+00 -3.6425e-01 +3.4207e+00 +2.8500e+00
% f evaluations | g evaluations | best noise-free fitness - Fopt (3.718000000000e+01) + sum g_i+ | measured fitness | best measured fitness or single-digit g-values | x1 | x2...
1 0 +1.164659193e+02 +1.536459193e+02 +1.536459193e+02 -6.9783e-01 -2.9794e+00 -1.9515e-01 -1.9610e+00 -4.6495e+00
5 0 +6.103933938e+01 +9.821933938e+01 +9.821933938e+01 +2.9191e+00 -1.2098e+00 +1.0887e+00 -1.2047e+00 +1.4161e-01
10 0 +5.191914189e+01 +8.909914189e+01 +8.909914189e+01 -1.8715e+00 +3.6353e+00 +9.9138e-01 -7.1237e-01 -2.6348e+00
11 0 +4.861237830e+01 +8.579237830e+01 +8.579237830e+01 +1.8508e-01 +2.5735e+00 +4.1890e+00 +1.2246e+00 -1.3802e+00
25 0 +4.357387365e+01 +8.075387365e+01 +8.075387365e+01 -8.3079e-01 +3.3050e+00 +4.3458e+00 -6.3383e-01 -1.9631e+00
56 0 +2.483198862e+01 +6.201198862e+01 +6.201198862e+01 -4.4326e+00 -2.0001e+00 -4.3119e-01 +3.3270e+00 -3.6708e+00
99 0 +2.483198862e+01 +6.201198862e+01 +6.201198862e+01 -4.4326e+00 -2.0001e+00 -4.3119e-01 +3.3270e+00 -3.6708e+00
% f evaluations | g evaluations | best noise-free fitness - Fopt (-1.479000000000e+02) + sum g_i+ | measured fitness | best measured fitness or single-digit g-values | x1 | x2...
1 0 +4.443227996e+01 -1.034677200e+02 -1.034677200e+02 +4.5179e+00 +2.3566e+00 -1.1134e-01 +1.8080e-01 -2.9608e+00
29 0 +3.842087427e+01 -1.094791257e+02 -1.094791257e+02 -8.9501e-01 +4.6295e+00 -5.9289e-01 -3.6333e+00 -1.6923e+00
48 0 +3.502845401e+01 -1.128715460e+02 -1.128715460e+02 -1.9209e+00 +6.5018e-02 +3.0088e+00 +2.6122e+00 -1.6611e+00
59 0 +1.977166962e+01 -1.281283304e+02 -1.281283304e+02 -7.9088e-01 +2.4856e-01 -2.0853e+00 -3.7862e+00 -4.1738e+00
99 0 +1.977166962e+01 -1.281283304e+02 -1.281283304e+02 -7.9088e-01 +2.4856e-01 -2.0853e+00 -3.7862e+00 -4.1738e+00
% f evaluations | g evaluations | best noise-free fitness - Fopt (4.817100000000e+02) + sum g_i+ | measured fitness | best measured fitness or single-digit g-values | x1 | x2...
1 0 +2.156101408e+02 +6.973201408e+02 +6.973201408e+02 +4.9477e+00 +1.3163e+00 +2.4560e+00 +3.1498e-01 +1.4701e+00
2 0 +1.540609370e+02 +6.357709370e+02 +6.357709370e+02 -1.7856e+00 -2.5353e+00 +1.5005e+00 +2.2326e+00 -2.8022e+00
9 0 +1.125834579e+02 +5.942934579e+02 +5.942934579e+02 -1.2120e+00 +1.4148e+00 -4.5354e+00 -3.9806e+00 -4.4532e+00
17 0 +5.049304333e+01 +5.322030433e+02 +5.322030433e+02 -8.2730e-01 -1.5423e+00 -3.0323e+00 +4.8681e+00 -6.9554e-01
18 0 +4.827379053e+01 +5.299837905e+02 +5.299837905e+02 +4.6216e+00 +3.9817e-01 -2.9926e+00 +1.6455e+00 -2.5323e+00
23 0 +3.575167036e+01 +5.174616704e+02 +5.174616704e+02 +9.9337e-01 -9.8104e-01 -3.1357e+00 +4.8216e+00 -3.4025e+00
70 0 +2.710707282e+01 +5.088170728e+02 +5.088170728e+02 +2.9458e+00 -2.2210e+00 -1.2353e+00 +2.9067e+00 -6.9554e-01
99 0 +2.710707282e+01 +5.088170728e+02 +5.088170728e+02 +2.9458e+00 -2.2210e+00 -1.2353e+00 +2.9067e+00 -6.9554e-01
% f evaluations | g evaluations | best noise-free fitness - Fopt (-3.646000000000e+01) + sum g_i+ | measured fitness | best measured fitness or single-digit g-values | x1 | x2...
1 0 +4.872979077e+01 +1.226979077e+01 +1.226979077e+01 -2.4617e+00 -4.0436e+00 +3.9488e+00 +3.6305e+00 -4.8479e+00
12 0 +4.029279357e+01 +3.832793567e+00 +3.832793567e+00 +1.9582e+00 -2.0586e+00 -2.2998e-01 -7.3059e-01 -1.5407e+00
23 0 +1.158081329e+01 -2.487918671e+01 -2.487918671e+01 +2.9583e+00 -2.8662e+00 -2.8955e+00 +3.5839e-01 +3.8124e+00
99 0 +1.158081329e+01 -2.487918671e+01 -2.487918671e+01 +2.9583e+00 -2.8662e+00 -2.8955e+00 +3.5839e-01 +3.8124e+00
% f evaluations | g evaluations | best noise-free fitness - Fopt (3.920000000000e+01) + sum g_i+ | measured fitness | best measured fitness or single-digit g-values | x1 | x2...
1 0 +3.474420787e+02 +3.866420787e+02 +3.866420787e+02 -4.7734e+00 -8.6295e-01 +1.5533e+00 -1.6614e+00 -9.1772e-01
2 0 +1.144893754e+02 +1.536893754e+02 +1.536893754e+02 -3.5364e+00 +3.7924e+00 -2.4414e+00 -2.7739e+00 +1.2616e+00
4 0 +5.309413297e+01 +9.229413297e+01 +9.229413297e+01 -7.1975e-01 +3.3788e+00 -8.4945e-01 +7.8378e-01 +1.5729e+00
7 0 +3.800006741e+01 +7.720006741e+01 +7.720006741e+01 +3.1314e+00 +4.6020e+00 +2.2290e-01 -1.7098e-01 +2.0125e+00
10 0 +2.674253980e+01 +6.594253980e+01 +6.594253980e+01 +4.1190e+00 +2.6628e+00 +1.5963e+00 +1.9647e+00 +1.6872e+00
14 0 +1.921545404e+01 +5.841545404e+01 +5.841545404e+01 +2.5001e+00 +2.2436e+00 +2.4569e+00 +1.2445e+00 +2.6400e+00
83 0 +1.760685791e+01 +5.680685791e+01 +5.680685791e+01 +2.7819e+00 +2.2436e+00 +2.4569e+00 +1.2445e+00 +2.9677e+00
99 0 +1.760685791e+01 +5.680685791e+01 +5.680685791e+01 +2.7819e+00 +2.2436e+00 +2.4569e+00 +1.2445e+00 +2.9677e+00
% f evaluations | g evaluations | best noise-free fitness - Fopt (-3.225000000000e+01) + sum g_i+ | measured fitness | best measured fitness or single-digit g-values | x1 | x2...
1 0 +1.469994018e+02 +1.147494018e+02 +1.147494018e+02 +4.8230e+00 +1.2258e+00 -3.8251e+00 +1.3964e-01 -1.6123e+00
4 0 +8.205881017e+01 +4.980881017e+01 +4.980881017e+01 +6.3463e-01 -3.4598e+00 +2.5807e+00 -3.8394e-01 -2.3554e+00
15 0 +3.847126382e+01 +6.221263818e+00 +6.221263818e+00 -3.2271e+00 +4.5811e-02 +3.3909e+00 -4.0717e+00 +1.8404e+00
20 0 +3.072045640e+01 -1.529543598e+00 -1.529543598e+00 +2.8424e+00 -3.5775e+00 +1.6061e+00 -2.1218e+00 +1.7394e+00
53 0 +2.169597313e+01 -1.055402687e+01 -1.055402687e+01 +2.8620e+00 +6.7570e-01 -7.2029e-01 -3.9910e+00 +2.4435e-01
99 0 +2.169597313e+01 -1.055402687e+01 -1.055402687e+01 +2.8620e+00 +6.7570e-01 -7.2029e-01 -3.9910e+00 +2.4435e-01
% f evaluations | g evaluations | best noise-free fitness - Fopt (3.681200000000e+02) + sum g_i+ | measured fitness | best measured fitness or single-digit g-values | x1 | x2...
1 0 +1.745150999e+02 +5.426350999e+02 +5.426350999e+02 +3.6877e+00 +1.9673e+00 -7.5479e-01 +3.3264e+00 -4.3286e+00
6 0 +1.181952393e+02 +4.863152393e+02 +4.863152393e+02 -1.9824e-02 +1.8707e+00 +1.9793e+00 +2.0477e+00 +3.6507e+00
7 0 +2.104017397e+01 +3.891601740e+02 +3.891601740e+02 -2.7160e+00 -1.8177e+00 -1.3024e+00 -3.2907e+00 -3.5802e+00
61 0 +1.829764646e+01 +3.864176465e+02 +3.864176465e+02 -3.2433e+00 -9.1110e-01 +1.2579e+00 -4.1680e+00 -1.7904e+00
79 0 +9.745951654e+00 +3.778659517e+02 +3.778659517e+02 -2.7160e+00 -1.8177e+00 -8.4278e-02 -3.2907e+00 -2.7506e+00
99 0 +9.745951654e+00 +3.778659517e+02 +3.778659517e+02 -2.7160e+00 -1.8177e+00 -8.4278e-02 -3.2907e+00 -2.7506e+00
% f evaluations | g evaluations | best noise-free fitness - Fopt (4.739000000000e+01) + sum g_i+ | measured fitness | best measured fitness or single-digit g-values | x1 | x2...
1 0 +1.330321125e+02 +1.804221125e+02 +1.804221125e+02 +2.6493e+00 -3.3706e+00 +4.6514e-01 +8.8445e-01 -3.8290e+00
2 0 +6.854068754e+01 +1.159306875e+02 +1.159306875e+02 +2.5764e+00 +1.7907e+00 +1.8878e+00 +4.4082e+00 +3.5661e+00
3 0 +3.092326468e+01 +7.831326468e+01 +7.831326468e+01 +2.2534e+00 +2.8253e+00 +3.1761e+00 +3.2229e+00 -1.7438e+00
7 0 +2.278710018e+01 +7.017710018e+01 +7.017710018e+01 -5.4719e-01 +1.9469e+00 +8.2502e-01 -1.3548e+00 +7.5332e-01
99 0 +2.278710018e+01 +7.017710018e+01 +7.017710018e+01 -5.4719e-01 +1.9469e+00 +8.2502e-01 -1.3548e+00 +7.5332e-01
% f evaluations | g evaluations | best noise-free fitness - Fopt (-3.428900000000e+02) + sum g_i+ | measured fitness | best measured fitness or single-digit g-values | x1 | x2...
1 0 +1.123509987e+02 -2.305390013e+02 -2.305390013e+02 +3.0091e+00 +7.1391e-01 -4.3969e+00 -2.7210e+00 -4.3123e+00
2 0 +1.105064590e+02 -2.323835410e+02 -2.323835410e+02 -3.0749e+00 -4.9240e+00 +3.8667e+00 +4.1045e+00 -3.3862e+00
4 0 +4.450934671e+01 -2.983806533e+02 -2.983806533e+02 +7.1848e-01 -1.4850e+00 -1.7729e-02 -4.2630e+00 +1.9970e+00
5 0 +3.650892502e+01 -3.063810750e+02 -3.063810750e+02 -4.2433e+00 -4.7142e+00 -4.4080e+00 +1.7697e+00 +4.8605e+00
58 0 +3.094671527e+01 -3.119432847e+02 -3.119432847e+02 +3.0587e+00 -2.8896e+00 +1.0660e-01 +3.9510e+00 -3.4393e+00
93 0 +2.594988145e+01 -3.169401185e+02 -3.169401185e+02 +3.8494e+00 -1.6493e+00 +4.6631e+00 -2.4861e+00 +9.6197e-01
99 0 +2.594988145e+01 -3.169401185e+02 -3.169401185e+02 +3.8494e+00 -1.6493e+00 +4.6631e+00 -2.4861e+00 +9.6197e-01
% f evaluations | g evaluations | best noise-free fitness - Fopt (9.102000000000e+01) + sum g_i+ | measured fitness | best measured fitness or single-digit g-values | x1 | x2...
1 0 +1.291846866e+02 +2.202046866e+02 +2.202046866e+02 +1.8844e+00 +9.8326e-01 -5.9624e-01 -2.8228e+00 -4.5444e+00
3 0 +9.363472450e+01 +1.846547245e+02 +1.846547245e+02 +1.7307e+00 +4.0905e+00 -3.0816e-01 -3.3399e+00 +3.2118e+00
4 0 +2.747243991e+01 +1.184924399e+02 +1.184924399e+02 -1.8557e+00 -5.1262e-01 +3.7147e+00 -7.3496e-01 +1.7185e+00
88 0 +1.953902498e+01 +1.105590250e+02 +1.105590250e+02 +1.8378e+00 -5.1262e-01 +3.7147e+00 -4.3557e-01 -5.2494e-01
99 0 +1.953902498e+01 +1.105590250e+02 +1.105590250e+02 +1.8378e+00 -5.1262e-01 +3.7147e+00 -4.3557e-01 -5.2494e-01
% f evaluations | g evaluations | best noise-free fitness - Fopt (7.324200000000e+02) + sum g_i+ | measured fitness | best measured fitness or single-digit g-values | x1 | x2...
1 0 +2.079313263e+02 +9.403513263e+02 +9.403513263e+02 -1.9427e+00 +1.2978e+00 -2.5115e+00 +2.2093e+00 +3.1926e+00
2 0 +5.961967831e+01 +7.920396783e+02 +7.920396783e+02 -3.0334e+00 +7.5214e-01 +3.7431e+00 +3.0665e-01 +5.5252e-01
14 0 +2.709905264e+01 +7.595190526e+02 +7.595190526e+02 +2.6173e+00 +3.3159e+00 -1.1097e+00 -1.3620e+00 -4.1215e+00
99 0 +2.709905264e+01 +7.595190526e+02 +7.595190526e+02 +2.6173e+00 +3.3159e+00 -1.1097e+00 -1.3620e+00 -4.1215e+00
% f evaluations | g evaluations | best noise-free fitness - Fopt (3.542000000000e+01) + sum g_i+ | measured fitness | best measured fitness or single-digit g-values | x1 | x2...
1 0 +6.448007074e+02 +6.802207074e+02 +6.802207074e+02 -5.8947e-01 -2.8558e+00 +3.0959e+00 -4.2875e+00 -4.7248e-01
2 0 +3.950227013e+02 +4.304427013e+02 +4.304427013e+02 +4.3268e+00 +1.8368e+00 +4.9521e+00 -4.3751e+00 +3.1671e-01
3 0 +2.669402043e+02 +3.023602043e+02 +3.023602043e+02 -1.4362e+00 -4.2081e+00 -6.7406e-01 +1.0223e+00 -4.3402e+00
4 0 +2.209356337e+02 +2.563556337e+02 +2.563556337e+02 -8.2019e-01 -1.8915e+00 +2.0036e+00 -8.5703e-01 +3.3287e-02
5 0 +4.747036660e+01 +8.289036660e+01 +8.289036660e+01 +4.6763e+00 +2.7467e+00 -7.5290e-01 +1.5219e+00 -1.3869e+00
23 0 +1.759309096e+01 +5.301309096e+01 +5.301309096e+01 +1.7578e+00 -2.0739e+00 +7.0642e-01 +1.1099e+00 +2.9948e+00
99 0 +1.759309096e+01 +5.301309096e+01 +5.301309096e+01 +1.7578e+00 -2.0739e+00 +7.0642e-01 +1.1099e+00 +2.9948e+00
