% f evaluations | g evaluations | best noise-free fitness - Fopt (-4.620900000000e+02) + sum g_i+ | measured fitness | best measured fitness or single-digit g-values | x1 | x2...
1 0 +2.069227867e+02 -2.551672133e+02 -2.551672133e+02 -4.8692e+00 +1.4200e+00 -2.7366e+00 +2.7958e+00 +9.3665e-01
8 0 +1.378531040e+02 -3.242368960e+02 -3.242368960e+02 +1.6095e+00 -2.5929e+00 +9.2672e-01 +9.5411e-01 +1.8916e+00
21 0 +9.127808281e+01 -3.708119172e+02 -3.708119172e+02 +2.7887e-01 +4.1503e-01 +6.0446e-01 +3.0831e+00 +1.3790e+00
22 0 +5.795753290e+01 -4.041324671e+02 -4.041324671e+02 +4.2659e-01 +1.8666e+00 +1.6377e+00 -2.5390e-01 +1.9005e+00
99 0 +5.795753290e+01 -4.041324671e+02 -4.041324671e+02 +4.2659e-01 +1.8666e+00 +1.6377e+00 -2.5390e-01 +1.9005e+00
% f evaluations | g evaluations | best noise-free fitness - Fopt (7.766000000000e+01) + sum g_i+ | measured fitness | best measured fitness or single-digit g-values | x1 | x2...
1 0 +8.260376656e+02 +9.036976656e+02 +9.036976656e+02 -7.9502e-01 +2.1135e-01 +1.5231e+00 -4.3185e+00 -4.4118e+00
3 0 +3.178668094e+02 +3.955268094e+02 +3.955268094e+02 +6.9594e-01 -2.2222e+00 +1.2182e+00 -2.8962e+00 -5.8213e-01
4 0 +1.624721249e+02 +2.401321249e+02 +2.401321249e+02 +1.8338e+00 +3.5778e-01 +8.7086e-01 -2.9864e-01 +1.4218e+00
19 0 +1.540772704e+02 +2.317372704e+02 +2.317372704e+02 -4.6633e+00 -1.8064e+00 +6.8739e-01 +3.3070e+00 -4.7306e-01
35 0 +1.291127190e+02 +2.067727190e+02 +2.067727190e+02 -5.4143e-01 -4.5351e+00 +9.5525e-01 +2.2557e+00 +7.8394e-01
79 0 +1.163855344e+02 +1.940455344e+02 +1.940455344e+02 -4.8662e+00 -4.5351e+00 +1.0756e+00 +3.6631e+00 +1.4556e+00
99 0 +1.163855344e+02 +1.940455344e+02 +1.940455344e+02 -4.8662e+00 -4.5351e+00 +1.0756e+00 +3.6631e+00 +1.4556e+00
% f evaluations | g evaluations | best noise-free fitness - Fopt (1.156800000000e+02) + sum g_i+ | measured fitness | best measured fitness or single-digit g-values | x1 | x2...
1 0 +2.901855535e+03 +3.017535535e+03 +3.017535535e+03 -1.9750e+00 +2.1564e+00 +3.2654e+00 +4.2719e+00 +1.6161e+00
2 0 +1.331964459e+03 +1.447644459e+03 +1.447644459e+03 +8.9201e-01 +4.7124e+00 +1.5243e+00 -4.0260e+00 -2.5599e+00
3 0 +7.801451402e+02 +8.958251402e+02 +8.958251402e+02 -2.8091e+00 -3.6683e+00 -2.3980e+00 +8.4038e-01 -4.6085e+00
5 0 +6.105113617e+02 +7.261913617e+02 +7.261913617e+02 -1.1315e+00 -4.0463e+00 +1.0368e+00 +3.9576e+00 -3.0779e+00
6 0 +5.475747011e+02 +6.632547011e+02 +6.632547011e+02 -4.1500e+00 -7.4087e-01 -4.3324e+00 -5.9271e-01 -2.4916e+00
7 0 +1.943315205e+02 +3.100115205e+02 +3.100115205e+02 -1.3875e+00 -2.1713e+00 -3.7493e+00 +1.8437e+00 +1.1681e+00
19 0 +1.519622876e+02 +2.676422876e+02 +2.676422876e+02 -3.9122e+00 -3.8977e+00 -2.3783e+00 +8.1063e-01 +2.9629e+00
41 0 +1.326794308e+02 +2.483594308e+02 +2.483594308e+02 -1.2244e+00 -1.7033e+00 -1.1414e+00 +4.3421e+00 +1.5887e+00
95 0 +9.434521285e+01 +2.100252128e+02 +2.100252128e+02 -1.0193e-01 -3.6683e+00 -1.1414e+00 +3.7835e+00 +2.6266e+00
99 0 +9.434521285e+01 +2.100252128e+02 +2.100252128e+02 -1.0193e-01 -3.6683e+00 -1.1414e+00 +3.7835e+00 +2.6266e+00
% f evaluations | g evaluations | best noise-free fitness - Fopt (-3.710000000000e+00) + sum g_i+ | measured fitness | best measured fitness or single-digit g-values | x1 | x2...
1 0 +3.668028716e+02 +3.630928716e+02 +3.630928716e+02 +1.2269e+00 +1.2502e+00 -1.4941e+00 +2.3899e+00 -2.1092e+00
6 0 +2.489273962e+02 +2.452173962e+02 +2.452173962e+02 -4.2386e+00 +2.6299e+00 -1.8339e+00 +3.0265e+00 +4.7379e-01
19 0 +1.996179695e+02 +1.959079695e+02 +1.959079695e+02 -2.5458e+00 -3.4241e+00 +9.8588e-01 +3.3573e+00 -5.5627e-03
25 0 +1.430657913e+02 +1.393557913e+02 +1.393557913e+02 -2.8189e+00 +3.5409e-02 +1.0448e+00 +1.7658e+00 +1.3715e+00
26 0 +1.291950862e+02 +1.254850862e+02 +1.254850862e+02 +3.4628e+00 +1.1820e+00 +4.2869e-01 +3.5227e+00 +2.0734e+00
60 0 +1.103081107e+02 +1.065981107e+02 +1.065981107e+02 +1.8541e+00 +1.7331e+00 +1.8715e+00 +3.8146e+00 +3.2766e+00
71 0 +9.900393181e+01 +9.529393181e+01 +9.529393181e+01 +1.5444e+00 +1.1820e+00 +4.2869e-01 +3.5227e+00 +3.2766e+00
99 0 +9.900393181e+01 +9.529393181e+01 +9.529393181e+01 +1.5444e+00 +1.1820e+00 +4.2869e-01 +3.5227e+00 +3.2766e+00
% f evaluations | g evaluations | best noise-free fitness - Fopt (1.321800000000e+02) + sum g_i+ | measured fitness | best measured fitness or single-digit g-values | x1 | x2...
1 0 +3.700713252e+02 +5.022513252e+02 +5.022513252e+02 -1.0096e+00 -4.1552e+00 -2.3728e+00 +2.3260e+00 -1.4544e-01
2 0 +1.621328950e+02 +2.943128950e+02 +2.943128950e+02 -3.3284e+00 +2.0389e+00 +2.4562e+00 +3.0216e-01 +9.5705e-01
47 0 +8.670563745e+01 +2.188856374e+02 +2.188856374e+02 +1.6327e+00 +4.9539e+00 +2.9612e+00 -8.2598e-01 +1.0225e+00
99 0 +8.670563745e+01 +2.188856374e+02 +2.188856374e+02 +1.6327e+00 +4.9539e+00 +2.9612e+00 -8.2598e-01 +1.0225e+00
% f evaluations | g evaluations | best noise-free fitness - Fopt (-3.930000000000e+01) + sum g_i+ | measured fitness | best measured fitness or single-digit g-values | x1 | x2...
1 0 +6.339977322e+02 +5.946977322e+02 +5.946977322e+02 -6.2677e-01 -2.7080e+00 -1.6299e+00 -4.7477e+00 -3.2359e+00
5 0 +5.074373254e+02 +4.681373254e+02 +4.681373254e+02 +2.6624e+00 -3.8131e+00 -2.6704e+00 +4.5289e-01 -4.9085e+00
8 0 +2.632590774e+02 +2.239590774e+02 +2.239590774e+02 -7.3950e-01 +1.7545e+00 +1.2330e+00 +1.7526e+00 -3.4848e+00
13 0 +2.313583565e+02 +1.920583565e+02 +1.920583565e+02 -1.9863e+00 -1.4646e+00 -4.9338e+00 +3.3064e+00 -1.7904e-01
26 0 +1.540490349e+02 +1.147490349e+02 +1.147490349e+02 +5.3152e-01 +3.5321e+00 -1.1498e-01 +3.8815e+00 -1.1130e+00
67 0 +6.940778458e+01 +3.010778458e+01 +3.010778458e+01 -1.5620e+00 -1.4275e+00 -5.8382e-01 +2.1772e+00 +1.0708e+00
99 0 +6.940778458e+01 +3.010778458e+01 +3.010778458e+01 -1.5620e+00 -1.4275e+00 -5.8382e-01 +2.1772e+00 +1.0708e+00
% f evaluations | g evaluations | best noise-free fitness - Fopt (4.296000000000e+01) + sum g_i+ | measured fitness | best measured fitness or single-digit g-values | x1 | x2...
1 0 +4.983093788e+02 +5.412693788e+02 +5.412693788e+02 +2.0570e-01 -2.3168e+00 -3.6891e+00 +1.5788e+00 -4.4660e+00
2 0 +3.137457656e+02 +3.567057656e+02 +3.567057656e+02 +9.7697e-01 +1.2707e+00 -3.7210e+00 -2.8682e+00 -1.4478e+00
3 0 +1.424949368e+02 +1.854549368e+02 +1.854549368e+02 -3.2582e+00 -1.2346e+00 -8.8081e-02 -7.5236e-01 -5.7598e-01
12 0 +1.402261924e+02 +1.831861924e+02 +1.831861924e+02 -3.2510e+00 +1.7099e+00 -6.6456e-01 -1.7588e+00 +2.7475e-01
15 0 +1.002827421e+02 +1.432427421e+02 +1.432427421e+02 +1.2217e+00 +3.2692e+00 +8.3603e-01 -1.0766e-01 -9.0192e-01
51 0 +8.643755956e+01 +1.293975596e+02 +1.293975596e+02 -9.0527e-02 +9.8458e-01 +7.8663e-01 -9.7213e-01 +5.3012e-01
68 0 +7.566935032e+01 +1.186293503e+02 +1.186293503e+02 -2.1907e+00 +9.8458e-01 +7.8663e-01 +6.0915e-01 +6.7606e-01
99 0 +7.566935032e+01 +1.186293503e+02 +1.186293503e+02 -2.1907e+00 +9.8458e-01 +7.8663e-01 +6.0915e-01 +6.7606e-01
% f evaluations | g evaluations | best noise-free fitness - Fopt (2.842200000000e+02) + sum g_i+ | measured fitness | best measured fitness or single-digit g-values | x1 | x2...
1 0 +5.795694035e+03 +6.079914035e+03 +6.079914035e+03 -6.9171e-01 +1.0932e+00 +3.3249e+00 +4.2605e+00 +3.8315e+00
2 0 +1.687706126e+03 +1.971926126e+03 +1.971926126e+03 +1.2694e+00 -7.5397e-01 +2.3005e+00 -4.5812e+00 +2.7864e+00
4 0 +1.241752588e+02 +4.083952588e+02 +4.083952588e+02 -1.2559e+00 -2.0647e-01 +1.2622e+00 +2.2262e+00 -5.8853e-01
74 0 +8.533357396e+01 +3.695535740e+02 +3.695535740e+02 -4.1679e+00 -2.0647e-01 +1.2622e+00 +2.2262e+00 +3.8434e-01
99 0 +8.533357396e+01 +3.695535740e+02 +3.695535740e+02 -4.1679e+00 -2.0647e-01 +1.2622e+00 +2.2262e+00 +3.8434e-01
% f evaluations | g evaluations | best noise-free fitness - Fopt (-3.217000000000e+01) + sum g_i+ | measured fitness | best measured fitness or single-digit g-values | x1 | x2...
1 0 +3.957275530e+02 +3.635575530e+02 +3.635575530e+02 +2.5226e+00 +2.4803e+00 -4.7143e+00 +4.3019e+00 +2.6223e+00
4 0 +1.832597725e+02 +1.510897725e+02 +1.510897725e+02 -4.1836e+00 +3.5157e+00 -4.2626e+00 -2.4563e+00 +3.3574e+00
14 0 +1.044287760e+02 +7.225877601e+01 +7.225877601e+01 -2.0211e+00 +1.4270e+00 -3.6622e-01 +4.6287e-02 +3.4950e+00
99 0 +1.044287760e+02 +7.225877601e+01 +7.225877601e+01 -2.0211e+00 +1.4270e+00 -3.6622e-01 +4.6287e-02 +3.4950e+00
% f evaluations | g evaluations | best noise-free fitness - Fopt (-5.858000000000e+01) + sum g_i+ | measured fitness | best measured fitness or single-digit g-values | x1 | x2...
1 0 +4.363792668e+02 +3.777992668e+02 +3.777992668e+02 +3.4192e+00 +4.1758e+00 -9.8786e-01 -2.5673e+00 +3.6467e-01
4 0 +3.317822542e+02 +2.732022542e+02 +2.732022542e+02 -4.6884e+00 -1.0142e+00 +1.2922e+00 +6.3528e-01 -1.1846e+00
7 0 +5.893578660e+01 +3.557866032e-01 +3.557866032e-01 +2.5540e+00 -2.3088e+00 -1.2400e+00 +1.6973e+00 +2.8359e+00
99 0 +5.893578660e+01 +3.557866032e-01 +3.557866032e-01 +2.5540e+00 -2.3088e+00 -1.2400e+00 +1.6973e+00 +2.8359e+00
% f evaluations | g evaluations | best noise-free fitness - Fopt (-6.049200000000e+02) + sum g_i+ | measured fitness | best measured fitness or single-digit g-values | x1 | x2...
1 0 +9.654991416e+02 +3.605791416e+02 +3.605791416e+02 +1.2950e+00 +3.9659e+00 +2.9679e+00 -3.6061e+00 +1.0352e+00
4 0 +1.051850356e+02 -4.997349644e+02 -4.997349644e+02 -4.0282e+00 -4.5678e+00 -8.7828e-01 +3.0510e+00 +2.8876e-01
14 0 +9.394324193e+01 -5.109767581e+02 -5.109767581e+02 -1.2619e+00 -1.7218e+00 -7.2381e-01 +3.3634e+00 -1.7821e-01
25 0 +7.029529148e+01 -5.346247085e+02 -5.346247085e+02 +7.0593e-01 -3.9935e+00 -3.2083e-01 +1.0262e+00 -5.5846e-01
99 0 +6.396056416e+01 -5.409594358e+02 -5.409594358e+02 +7.0593e-01 +1.8742e+00 +8.0661e-01 +1.0262e+00 +3.6569e-01
% f evaluations | g evaluations | best noise-free fitness - Fopt (1.337000000000e+02) + sum g_i+ | measured fitness | best measured fitness or single-digit g-values | x1 | x2...
1 0 +1.759091328e+02 +3.096091328e+02 +3.096091328e+02 -4.1043e-01 -4.0549e+00 -2.8566e+00 +6.9493e-01 +2.3602e+00
28 0 +1.570997959e+02 +2.907997959e+02 +2.907997959e+02 -3.2913e+00 -2.7416e+00 -1.1792e+00 -5.4224e-01 +2.2467e+00
53 0 +1.133187062e+02 +2.470187062e+02 +2.470187062e+02 +2.0567e+00 +5.3590e-01 -4.0203e+00 +2.3445e+00 +3.0420e+00
99 0 +1.133187062e+02 +2.470187062e+02 +2.470187062e+02 +2.0567e+00 +5.3590e-01 -4.0203e+00 +2.3445e+00 +3.0420e+00
% f evaluations | g evaluations | best noise-free fitness - Fopt (-2.098000000000e+01) + sum g_i+ | measured fitness | best measured fitness or single-digit g-values | x1 | x2...
1 0 +9.398752841e+02 +9.188952841e+02 +9.188952841e+02 -3.1965e+00 +3.0631e+00 +1.9228e+00 -4.2135e+00 +1.3935e+00
3 0 +4.930222444e+02 +4.720422444e+02 +4.720422444e+02 +1.3238e+00 +1.1036e+00 +8.4997e-01 +4.4236e+00 -2.2962e+00
4 0 +3.838704458e+02 +3.628904458e+02 +3.628904458e+02 -9.9227e-01 +1.3382e+00 -2.6467e+00 +2.6622e+00 -2.9194e+00
5 0 +3.033276015e+02 +2.823476015e+02 +2.823476015e+02 -2.6012e+00 +2.3194e+00 -1.4937e+00 +1.0652e+00 -1.7921e+00
8 0 +2.106824300e+02 +1.897024300e+02 +1.897024300e+02 -2.8093e+00 +4.8918e+00 -4.6542e+00 -1.9923e+00 +2.0434e+00
16 0 +1.664053777e+02 +1.454253777e+02 +1.454253777e+02 -3.4404e+00 +5.2008e-01 -1.7440e+00 -2.5916e+00 +7.5183e-01
29 0 +8.820273214e+01 +6.722273214e+01 +6.722273214e+01 -2.7185e+00 +2.7653e+00 +1.2643e-01 -1.1048e-01 +1.1333e+00
82 0 +5.700720741e+01 +3.602720741e+01 +3.602720741e+01 +4.7184e-01 +2.7653e+00 +1.2643e-01 -1.3678e-02 +1.0050e+00
99 0 +5.700720741e+01 +3.602720741e+01 +3.602720741e+01 +4.7184e-01 +2.7653e+00 +1.2643e-01 -1.3678e-02 +1.0050e+00
% f evaluations | g evaluations | best noise-free fitness - Fopt (1.353300000000e+02) + sum g_i+ | measured fitness | best measured fitness or single-digit g-values | x1 | x2...
1 0 +8.898757466e+02 +1.025205747e+03 +1.025205747e+03 +2.7991e+00 -1.8080e+00 +8.6389e-01 +2.3081e+00 -2.0911e-01
2 0 +3.864105880e+02 +5.217405880e+02 +5.217405880e+02 -1.4420e+00 -4.0947e-01 -4.3716e+00 -4.3624e-01 -1.6199e+00
8 0 +1.363856056e+02 +2.717156056e+02 +2.717156056e+02 -4.3866e-01 -2.8104e+00 +1.0047e+00 -4.1917e+00 +6.4678e-01
38 0 +9.506087259e+01 +2.303908726e+02 +2.303908726e+02 -2.7324e-01 -7.9114e-01 -1.5215e+00 -3.8362e+00 +1.4431e+00
99 0 +9.506087259e+01 +2.303908726e+02 +2.303908726e+02 -2.7324e-01 -7.9114e-01 -1.5215e+00 -3.8362e+00 +1.4431e+00
% f evaluations | g evaluations | best noise-free fitness - Fopt (4.066000000000e+01) + sum g_i+ | measured fitness | best measured fitness or single-digit g-values | x1 | x2...
1 0 +4.277466296e+02 +4.684066296e+02 +4.684066296e+02 -3.3272e-01 +4.4781e+00 +4.3660e+00 +4.1826e+00 +1.6350e+00
4 0 +3.870017918e+02 +4.276617918e+02 +4.276617918e+02 -2.0420e+00 +3.2376e+00 -4.3272e+00 +8.6826e-01 +1.7593e-01
5 0 +2.794529278e+02 +3.201129278e+02 +3.201129278e+02 +3.1546e+00 +1.2811e+00 +2.9827e-01 +8.1779e-01 -2.0149e+00
8 0 +1.988441802e+02 +2.395041802e+02 +2.395041802e+02 -4.6892e+00 -9.4753e-01 +3.1295e-01 -6.8162e-01 +2.8345e-01
9 0 +1.600502708e+02 +2.007102708e+02 +2.007102708e+02 +3.8782e+00 -2.6233e+00 +2.2644e+00 -4.8323e+00 +7.9680e-01
12 0 +1.447667693e+02 +1.854267693e+02 +1.854267693e+02 +2.7331e-01 +2.5955e+00 +1.3505e+00 -8.4985e-01 -4.1152e-01
21 0 +1.026350764e+02 +1.432950764e+02 +1.432950764e+02 +1.0173e+00 +3.5836e+00 +2.1326e+00 -1.6309e+00 +8.8748e-01
83 0 +9.654657396e+01 +1.372065740e+02 +1.372065740e+02 +1.7901e+00 -3.6398e-01 +2.1326e+00 -1.6309e+00 +1.6350e+00
99 0 +9.213952976e+01 +1.327995298e+02 +1.327995298e+02 +1.0173e+00 -1.1848e+00 +2.1326e+00 -1.6309e+00 +8.8748e-01
