% f evaluations | g evaluations | best noise-free fitness - Fopt (-5.494000000000e+01) + sum g_i+ | measured fitness | best measured fitness or single-digit g-values | x1 | x2...
1 0 +4.080004637e+04 +4.074510637e+04 +4.074510637e+04 -3.4067e-01 +4.2486e+00 -1.3866e+00 +1.7350e+00 +5.5694e-01
59 0 +4.002827854e+04 +3.997333854e+04 +3.997333854e+04 -4.6393e+00 -1.3314e+00 -2.4685e+00 +4.4265e+00 -3.4156e+00
78 0 +2.203475048e+04 +2.197981048e+04 +2.197981048e+04 -4.6393e+00 +1.1572e+00 +3.2237e+00 +4.5371e+00 +5.5694e-01
99 0 +2.203475048e+04 +2.197981048e+04 +2.197981048e+04 -4.6393e+00 +1.1572e+00 +3.2237e+00 +4.5371e+00 +5.5694e-01
% f evaluations | g evaluations | best noise-free fitness - Fopt (5.913000000000e+01) + sum g_i+ | measured fitness | best measured fitness or single-digit g-values | x1 | x2...
1 0 +1.032083896e+06 +1.032143026e+06 +1.032143026e+06 -4.6840e-01 +3.0111e+00 +3.6977e-01 +4.2149e+00 +1.7540e+00
10 0 +3.358998232e+05 +3.359589532e+05 +3.359589532e+05 +1.7774e+00 +1.4038e-01 +3.2868e-01 -3.7875e-01 -3.8706e+00
26 0 +5.524115292e+04 +5.530028292e+04 +5.530028292e+04 +3.0134e+00 -1.9530e-02 -2.6235e+00 -2.3254e+00 -4.9127e+00
99 0 +5.524115292e+04 +5.530028292e+04 +5.530028292e+04 +3.0134e+00 -1.9530e-02 -2.6235e+00 -2.3254e+00 -4.9127e+00
% f evaluations | g evaluations | best noise-free fitness - Fopt (-4.915300000000e+02) + sum g_i+ | measured fitness | best measured fitness or single-digit g-values | x1 | x2...
1 0 +1.502575113e+07 +1.502525960e+07 +1.502525960e+07 +3.3385e+00 -3.0223e+00 -3.3230e+00 -3.0197e+00 +5.5779e-01
3 0 +3.293566896e+06 +3.293075366e+06 +3.293075366e+06 -2.4923e+00 -1.2598e+00 -2.8803e+00 -1.6840e+00 -1.5741e+00
5 0 +1.450580012e+06 +1.450088482e+06 +1.450088482e+06 +2.5571e+00 +1.4709e+00 -9.2476e-02 +7.8857e-01 +3.3790e+00
8 0 +2.542577668e+05 +2.537662368e+05 +2.537662368e+05 -1.2913e+00 -2.9177e+00 -2.3405e+00 -1.6927e+00 -2.2181e-04
17 0 +8.284590192e+04 +8.235437192e+04 +8.235437192e+04 +6.8385e-01 +4.4332e+00 +5.6990e-02 -5.4992e-01 -1.0552e+00
27 0 +6.205336134e+04 +6.156183134e+04 +6.156183134e+04 -8.3785e-01 -4.0452e+00 -1.8627e+00 -3.0353e+00 +1.2618e+00
73 0 +3.896545055e+04 +3.847392055e+04 +3.847392055e+04 -8.3785e-01 -4.0452e+00 -3.9202e+00 -3.0353e+00 +1.2618e+00
95 0 +2.618394668e+04 +2.569241668e+04 +2.569241668e+04 -8.3785e-01 -4.0452e+00 -1.8627e+00 -2.4329e+00 +1.2618e+00
99 0 +2.618394668e+04 +2.569241668e+04 +2.569241668e+04 -8.3785e-01 -4.0452e+00 -1.8627e+00 -2.4329e+00 +1.2618e+00
% f evaluations | g evaluations | best noise-free fitness - Fopt (-1.702000000000e+02) + sum g_i+ | measured fitness | best measured fitness or single-digit g-values | x1 | x2...
1 0 +4.754776071e+06 +4.754605871e+06 +4.754605871e+06 +1.3999e+00 -3.1229e-01 -2.1259e+00 +3.9895e-01 +1.1252e+00
4 0 +4.203711131e+05 +4.202009131e+05 +4.202009131e+05 -1.1386e+00 +4.0100e+00 -1.6131e+00 +2.1598e+00 +2.5876e+00
16 0 +1.831048597e+05 +1.829346597e+05 +1.829346597e+05 +6.1743e-01 +1.9004e+00 -7.9198e-01 +4.4795e+00 +1.2282e+00
99 0 +1.831048597e+05 +1.829346597e+05 +1.829346597e+05 +6.1743e-01 +1.9004e+00 -7.9198e-01 +4.4795e+00 +1.2282e+00
% f evaluations | g evaluations | best noise-free fitness - Fopt (-4.697500000000e+02) + sum g_i+ | measured fitness | best measured fitness or single-digit g-values | x1 | x2...
1 0 +3.550246695e+07 +3.550199720e+07 +3.550199720e+07 -5.8479e-01 -4.8880e+00 -4.8719e+00 +3.1648e+00 -4.9264e+00
2 0 +1.329054843e+07 +1.329007868e+07 +1.329007868e+07 -4.3405e+00 -3.3542e+00 +1.3494e+00 -5.0629e-03 +3.3679e+00
3 0 +3.636940403e+06 +3.636470653e+06 +3.636470653e+06 -6.2256e-02 +3.6167e+00 +3.1550e+00 +3.5310e+00 +3.5337e-01
16 0 +3.681133168e+05 +3.676435668e+05 +3.676435668e+05 +3.0329e+00 +4.6305e+00 +4.5914e+00 -2.3948e+00 +2.6713e+00
21 0 +2.709646024e+05 +2.704948524e+05 +2.704948524e+05 -1.8431e+00 -4.4180e+00 +4.7635e+00 +4.5429e+00 -4.5142e+00
38 0 +2.873724605e+04 +2.826749605e+04 +2.826749605e+04 +3.5776e+00 -6.4864e-01 +1.6637e+00 -1.5505e+00 +1.9114e+00
99 0 +2.873724605e+04 +2.826749605e+04 +2.826749605e+04 +3.5776e+00 -6.4864e-01 +1.6637e+00 -1.5505e+00 +1.9114e+00
% f evaluations | g evaluations | best noise-free fitness - Fopt (-5.191000000000e+01) + sum g_i+ | measured fitness | best measured fitness or single-digit g-values | x1 | x2...
1 0 +4.849190400e+06 +4.849138490e+06 +4.849138490e+06 -1.1578e+00 +1.0068e+00 -4.0479e+00 -4.1667e+00 -1.9468e+00
3 0 +1.849688607e+06 +1.849636697e+06 +1.849636697e+06 -9.3900e-01 -1.5713e+00 -2.9135e+00 -4.1906e+00 -6.2940e-01
9 0 +3.855136886e+05 +3.854617786e+05 +3.854617786e+05 +1.4352e+00 +3.1169e+00 -2.2641e+00 -4.3622e+00 +1.4431e+00
20 0 +1.728965245e+05 +1.728446145e+05 +1.728446145e+05 +1.9237e+00 +2.0658e+00 -1.8217e+00 -8.7798e-01 +4.0035e-01
37 0 +1.327913324e+05 +1.327394224e+05 +1.327394224e+05 +4.2604e+00 -3.8956e-01 -1.4368e+00 -4.0037e+00 +2.0080e+00
98 0 +7.532138899e+04 +7.526947899e+04 +7.526947899e+04 +4.2604e+00 -3.8956e-01 -1.4368e+00 -1.6989e+00 +2.0080e+00
99 0 +5.434668143e+04 +5.429477143e+04 +5.429477143e+04 +2.5113e-01 -3.8956e-01 -1.4368e+00 -1.6159e+00 -4.0906e-01
% f evaluations | g evaluations | best noise-free fitness - Fopt (4.808000000000e+01) + sum g_i+ | measured fitness | best measured fitness or single-digit g-values | x1 | x2...
1 0 +1.520946823e+07 +1.520951631e+07 +1.520951631e+07 +1.7177e-01 +4.6838e+00 +2.5286e+00 +5.7930e-01 +3.5842e+00
2 0 +4.043351028e+06 +4.043399108e+06 +4.043399108e+06 -3.6582e+00 +4.1253e+00 -1.6696e+00 +4.7615e+00 +1.5050e-01
3 0 +1.480909522e+06 +1.480957602e+06 +1.480957602e+06 -1.7730e+00 -3.7283e+00 +5.0825e-01 -4.2508e+00 +3.4181e-01
9 0 +8.914285623e+05 +8.914766423e+05 +8.914766423e+05 -3.3333e+00 -9.0710e-01 +6.4211e-01 +3.7836e-01 -2.9540e+00
14 0 +6.358895772e+05 +6.359376572e+05 +6.359376572e+05 +2.6158e+00 +4.5004e+00 -3.0542e+00 +2.8176e+00 +1.0170e+00
15 0 +4.596793896e+05 +4.597274696e+05 +4.597274696e+05 +2.9655e-01 +2.1707e+00 -3.0672e+00 -3.7723e+00 -2.0261e-01
17 0 +8.857094689e+04 +8.861902689e+04 +8.861902689e+04 -3.0382e+00 +1.2142e+00 +6.5312e-02 -3.1369e+00 +2.8404e+00
57 0 +1.420355090e+04 +1.425163090e+04 +1.425163090e+04 -1.0742e+00 +1.0726e+00 -1.7122e+00 +4.2855e+00 +3.9082e+00
99 0 +1.420355090e+04 +1.425163090e+04 +1.425163090e+04 -1.0742e+00 +1.0726e+00 -1.7122e+00 +4.2855e+00 +3.9082e+00
% f evaluations | g evaluations | best noise-free fitness - Fopt (3.058000000000e+01) + sum g_i+ | measured fitness | best measured fitness or single-digit g-values | x1 | x2...
1 0 +2.702635242e+07 +2.702638300e+07 +2.702638300e+07 +1.8831e+00 +2.6565e+00 +9.3519e-01 +3.4490e+00 -2.5712e+00
2 0 +8.655640440e+05 +8.655946240e+05 +8.655946240e+05 +2.3553e+00 -7.6013e-01 +2.8625e+00 +3.3779e+00 +4.2653e+00
3 0 +6.688846222e+05 +6.689152022e+05 +6.689152022e+05 -2.8533e+00 -2.6060e+00 -2.3106e+00 -5.6762e-01 -1.6230e+00
4 0 +1.775822592e+05 +1.776128392e+05 +1.776128392e+05 -3.8384e+00 +5.0793e-01 +2.9973e+00 +3.6287e+00 -2.2035e+00
99 0 +1.775822592e+05 +1.776128392e+05 +1.776128392e+05 -3.8384e+00 +5.0793e-01 +2.9973e+00 +3.6287e+00 -2.2035e+00
% f evaluations | g evaluations | best noise-free fitness - Fopt (1.000000000000e+03) + sum g_i+ | measured fitness | best measured fitness or single-digit g-values | x1 | x2...
1 0 +7.662140582e+06 +7.663140582e+06 +7.663140582e+06 +4.7736e+00 +7.4328e-01 -5.6805e-01 -3.8971e+00 +2.4936e+00
2 0 +2.857352828e+06 +2.858352828e+06 +2.858352828e+06 -2.9431e+00 -1.3313e+00 +4.3962e+00 -3.5716e+00 -3.5490e+00
4 0 +5.278624847e+05 +5.288624847e+05 +5.288624847e+05 +4.4587e-01 -3.5014e+00 -2.3706e+00 +1.0339e+00 +3.3161e+00
6 0 +3.092234065e+05 +3.102234065e+05 +3.102234065e+05 -3.5264e+00 -1.1270e-01 -1.5656e+00 -1.1352e+00 +3.9288e+00
16 0 +7.167656473e+04 +7.267656473e+04 +7.267656473e+04 +1.3244e+00 -4.0546e+00 +2.5906e+00 -1.7459e+00 +2.6120e+00
18 0 +3.025010126e+04 +3.125010126e+04 +3.125010126e+04 +8.2800e-01 -1.4887e+00 -4.2386e+00 +2.7372e+00 -2.2486e+00
99 0 +3.025010126e+04 +3.125010126e+04 +3.125010126e+04 +8.2800e-01 -1.4887e+00 -4.2386e+00 +2.7372e+00 -2.2486e+00
% f evaluations | g evaluations | best noise-free fitness - Fopt (-4.236000000000e+01) + sum g_i+ | measured fitness | best measured fitness or single-digit g-values | x1 | x2...
1 0 +4.105255019e+06 +4.105212659e+06 +4.105212659e+06 +1.4644e-01 +3.2749e+00 +2.0973e+00 +1.3195e+00 -4.5000e+00
3 0 +2.329553574e+06 +2.329511214e+06 +2.329511214e+06 -8.7785e-01 +4.2277e+00 -6.7100e-01 -3.3156e+00 +2.4370e+00
4 0 +1.093223020e+06 +1.093180660e+06 +1.093180660e+06 -1.6092e+00 +4.2689e-01 +1.3125e+00 -1.3194e+00 -1.8086e+00
5 0 +2.147113943e+05 +2.146690343e+05 +2.146690343e+05 +4.5695e+00 -1.9420e-01 -2.5484e+00 +3.6980e+00 -4.4658e+00
28 0 +5.490044897e+04 +5.485808897e+04 +5.485808897e+04 -4.8433e+00 -2.2447e+00 +2.5699e+00 -3.2188e+00 -6.1787e-01
53 0 +1.205303154e+04 +1.201067154e+04 +1.201067154e+04 -2.1920e+00 -2.7188e-01 +3.1214e+00 -3.0278e+00 +4.9611e+00
99 0 +1.205303154e+04 +1.201067154e+04 +1.201067154e+04 -2.1920e+00 -2.7188e-01 +3.1214e+00 -3.0278e+00 +4.9611e+00
% f evaluations | g evaluations | best noise-free fitness - Fopt (-7.187000000000e+01) + sum g_i+ | measured fitness | best measured fitness or single-digit g-values | x1 | x2...
1 0 +9.611343361e+06 +9.611271491e+06 +9.611271491e+06 -3.2437e+00 -3.9377e+00 +2.0884e+00 +9.7000e-01 +3.8787e+00
3 0 +5.241686639e+05 +5.240967939e+05 +5.240967939e+05 +1.6436e+00 -4.8934e+00 -3.3939e+00 -3.0604e+00 -2.8697e+00
4 0 +2.966351870e+05 +2.965633170e+05 +2.965633170e+05 +1.0476e+00 +8.3282e-01 -4.8780e-01 -3.0180e+00 -3.7889e+00
5 0 +1.320869492e+05 +1.320150792e+05 +1.320150792e+05 -4.8323e+00 +6.3551e-01 +3.0009e+00 -1.4611e+00 -2.9561e+00
32 0 +8.182279723e+04 +8.175092723e+04 +8.175092723e+04 +3.5580e+00 -9.1934e-01 +1.4449e+00 -3.1531e+00 -2.2129e+00
46 0 +1.465962255e+04 +1.458775255e+04 +1.458775255e+04 +3.6210e+00 +3.9570e+00 +1.4097e+00 -4.2021e+00 -2.5613e+00
99 0 +1.465962255e+04 +1.458775255e+04 +1.458775255e+04 +3.6210e+00 +3.9570e+00 +1.4097e+00 -4.2021e+00 -2.5613e+00
% f evaluations | g evaluations | best noise-free fitness - Fopt (-1.650000000000e+01) + sum g_i+ | measured fitness | best measured fitness or single-digit g-values | x1 | x2...
1 0 +6.027186502e+06 +6.027170002e+06 +6.027170002e+06 -3.3558e+00 +2.7544e+00 +3.9824e-01 +3.2981e+00 -1.5505e+00
2 0 +2.968694920e+06 +2.968678420e+06 +2.968678420e+06 +3.6540e+00 -3.4788e+00 +4.3863e-01 +1.2883e+00 -8.8269e-01
5 0 +2.786219273e+06 +2.786202773e+06 +2.786202773e+06 -2.5213e+00 +2.8442e+00 +2.3208e+00 +2.7797e+00 -4.5616e-01
6 0 +1.966036118e+06 +1.966019618e+06 +1.966019618e+06 +2.2867e+00 +2.1389e+00 +4.2322e-01 -1.8286e+00 -4.9548e+00
51 0 +1.564207286e+06 +1.564190786e+06 +1.564190786e+06 +1.2779e+00 +3.1562e+00 -2.3394e+00 +9.1740e-01 +4.6054e-01
58 0 +6.049451266e+05 +6.049286266e+05 +6.049286266e+05 +3.5044e+00 -1.3298e+00 +3.4512e+00 -2.7381e+00 +4.1655e+00
62 0 +1.928787777e+05 +1.928622777e+05 +1.928622777e+05 +3.4524e+00 +2.5833e+00 +2.3208e+00 -3.1351e+00 -4.7388e-01
99 0 +1.928787777e+05 +1.928622777e+05 +1.928622777e+05 +3.4524e+00 +2.5833e+00 +2.3208e+00 -3.1351e+00 -4.7388e-01
% f evaluations | g evaluations | best noise-free fitness - Fopt (1.000000000000e+03) + sum g_i+ | measured fitness | best measured fitness or single-digit g-values | x1 | x2...
1 0 +4.185290930e+07 +4.185390930e+07 +4.185390930e+07 +2.0203e-02 +1.6524e+00 +9.9208e-01 +4.4921e+00 -3.7225e+00
2 0 +1.759511559e+07 +1.759611559e+07 +1.759611559e+07 -4.0060e+00 +3.9975e+00 +2.9688e+00 +4.2508e+00 +3.3041e+00
3 0 +2.831400516e+06 +2.832400516e+06 +2.832400516e+06 -2.7767e+00 +8.8784e-02 -2.6496e+00 -4.5781e+00 -1.2058e+00
6 0 +3.091850636e+05 +3.101850636e+05 +3.101850636e+05 -2.3458e+00 -3.1748e+00 -1.1668e+00 -4.0047e+00 +9.0550e-01
57 0 +2.397607700e+05 +2.407607700e+05 +2.407607700e+05 -4.9422e+00 +4.5772e+00 -4.1129e+00 -1.9582e-01 +1.9303e+00
60 0 +2.005251149e+05 +2.015251149e+05 +2.015251149e+05 +3.3424e+00 -1.5685e+00 +1.0300e+00 -4.8783e+00 +3.0835e+00
99 0 +2.005251149e+05 +2.015251149e+05 +2.015251149e+05 +3.3424e+00 -1.5685e+00 +1.0300e+00 -4.8783e+00 +3.0835e+00
% f evaluations | g evaluations | best noise-free fitness - Fopt (-1.000000000000e+03) + sum g_i+ | measured fitness | best measured fitness or single-digit g-values | x1 | x2...
1 0 +1.330867964e+07 +1.330767964e+07 +1.330767964e+07 +2.2720e+00 -1.8975e+00 +9.0733e-01 -2.8565e+00 -3.2388e+00
3 0 +3.219456423e+06 +3.218456423e+06 +3.218456423e+06 +3.0388e-01 +4.0078e+00 +2.8130e+00 +4.6505e+00 -2.3128e+00
4 0 +2.428732771e+05 +2.418732771e+05 +2.418732771e+05 -2.9360e+00 -3.6174e+00 +1.0461e-01 +8.7585e-01 +3.5242e+00
13 0 +4.165884931e+04 +4.065884931e+04 +4.065884931e+04 -1.7710e-01 -2.4740e+00 +1.4183e-01 +4.5750e+00 +2.5280e+00
99 0 +4.165884931e+04 +4.065884931e+04 +4.065884931e+04 -1.7710e-01 -2.4740e+00 +1.4183e-01 +4.5750e+00 +2.5280e+00
% f evaluations | g evaluations | best noise-free fitness - Fopt (-1.527400000000e+02) + sum g_i+ | measured fitness | best measured fitness or single-digit g-values | x1 | x2...
1 0 +6.955201298e+06 +6.955048558e+06 +6.955048558e+06 -3.0205e+00 +1.9399e+00 +6.3070e-01 -2.3877e+00 -4.6910e+00
2 0 +2.400572735e+06 +2.400419995e+06 +2.400419995e+06 +1.7563e+00 -2.2657e+00 -1.9369e+00 +1.0928e+00 +4.7667e+00
3 0 +1.372686855e+06 +1.372534115e+06 +1.372534115e+06 -2.1765e+00 +3.1557e+00 -3.0979e-01 -1.8074e+00 +2.8561e+00
4 0 +1.227460584e+06 +1.227307844e+06 +1.227307844e+06 +5.0121e-02 -1.1930e+00 +3.3329e-01 -3.7572e+00 -1.6186e+00
5 0 +1.137530403e+06 +1.137377663e+06 +1.137377663e+06 -3.0906e-01 +4.3557e+00 -2.1499e-01 -3.7428e+00 +1.4497e+00
7 0 +3.728637314e+05 +3.727109914e+05 +3.727109914e+05 -4.4104e+00 +3.9664e+00 -8.5784e-01 +2.9434e+00 +4.7073e+00
31 0 +7.616594640e+04 +7.601320640e+04 +7.601320640e+04 -1.6153e-01 -1.0758e+00 -3.9171e+00 -4.0261e+00 -6.2148e-01
99 0 +7.616594640e+04 +7.601320640e+04 +7.601320640e+04 -1.6153e-01 -1.0758e+00 -3.9171e+00 -4.0261e+00 -6.2148e-01
