% f evaluations | g evaluations | best noise-free fitness - Fopt (3.590000000000e+01) + sum g_i+ | measured fitness | best measured fitness or single-digit g-values | x1 | x2...
1 0 +3.394072104e+06 +3.394108004e+06 +3.394108004e+06
2 0 +2.126756932e+06 +2.126792832e+06 +2.126792832e+06
10 0 +1.790319498e+06 +1.790355398e+06 +1.790355398e+06
14 0 +1.730572469e+06 +1.730608369e+06 +1.730608369e+06
15 0 +1.680284114e+06 +1.680320014e+06 +1.680320014e+06
26 0 +1.580751097e+06 +1.580786997e+06 +1.580786997e+06
35 0 +1.063714359e+06 +1.063750259e+06 +1.063750259e+06
64 0 +9.744473870e+05 +9.744832870e+05 +9.744832870e+05
85 0 +5.858120645e+05 +5.858479645e+05 +5.858479645e+05
98 0 +4.970999817e+05 +4.971358817e+05 +4.971358817e+05
245 0 +4.180071526e+05 +4.180430526e+05 +4.180430526e+05
260 0 +3.753598182e+05 +3.753957182e+05 +3.753957182e+05
265 0 +3.391652144e+05 +3.392011144e+05 +3.392011144e+05
285 0 +2.923793495e+05 +2.924152495e+05 +2.924152495e+05
289 0 +1.872472430e+05 +1.872831430e+05 +1.872831430e+05
311 0 +1.379620811e+05 +1.379979811e+05 +1.379979811e+05
347 0 +1.113296680e+05 +1.113655680e+05 +1.113655680e+05
374 0 +6.359894042e+04 +6.363484042e+04 +6.363484042e+04
437 0 +3.760299526e+04 +3.763889526e+04 +3.763889526e+04
589 0 +3.364105415e+04 +3.367695415e+04 +3.367695415e+04
625 0 +3.091072446e+04 +3.094662446e+04 +3.094662446e+04
630 0 +1.985015899e+04 +1.988605899e+04 +1.988605899e+04
633 0 +1.736548219e+04 +1.740138219e+04 +1.740138219e+04
646 0 +1.188523240e+04 +1.192113240e+04 +1.192113240e+04
660 0 +7.153087541e+03 +7.188987541e+03 +7.188987541e+03
683 0 +4.488041402e+03 +4.523941402e+03 +4.523941402e+03
719 0 +3.510634839e+03 +3.546534839e+03 +3.546534839e+03
740 0 +9.242840434e+02 +9.601840434e+02 +9.601840434e+02
781 0 +8.424760787e+02 +8.783760787e+02 +8.783760787e+02
850 0 +8.129233749e+02 +8.488233749e+02 +8.488233749e+02
% f evaluations | g evaluations | best noise-free fitness - Fopt (3.137000000000e+01) + sum g_i+ | measured fitness | best measured fitness or single-digit g-values | x1 | x2...
1 0 +1.259609389e+06 +1.259640759e+06 +1.259640759e+06
17 0 +6.226408378e+05 +6.226722078e+05 +6.226722078e+05
60 0 +5.789996296e+05 +5.790309996e+05 +5.790309996e+05
65 0 +5.460528291e+05 +5.460841991e+05 +5.460841991e+05
86 0 +4.107968529e+05 +4.108282229e+05 +4.108282229e+05
113 0 +3.980121508e+05 +3.980435208e+05 +3.980435208e+05
144 0 +3.251108886e+05 +3.251422586e+05 +3.251422586e+05
145 0 +3.091873603e+05 +3.092187303e+05 +3.092187303e+05
149 0 +2.744139475e+05 +2.744453175e+05 +2.744453175e+05
162 0 +2.333486863e+05 +2.333800563e+05 +2.333800563e+05
164 0 +1.825731350e+05 +1.826045050e+05 +1.826045050e+05
199 0 +1.406679989e+05 +1.406993689e+05 +1.406993689e+05
203 0 +1.216711748e+05 +1.217025448e+05 +1.217025448e+05
217 0 +9.854540230e+04 +9.857677230e+04 +9.857677230e+04
251 0 +7.605565344e+04 +7.608702344e+04 +7.608702344e+04
267 0 +6.271627047e+04 +6.274764047e+04 +6.274764047e+04
284 0 +3.858006186e+04 +3.861143186e+04 +3.861143186e+04
334 0 +3.396243687e+04 +3.399380687e+04 +3.399380687e+04
340 0 +2.012532568e+04 +2.015669568e+04 +2.015669568e+04
384 0 +1.912712533e+04 +1.915849533e+04 +1.915849533e+04
533 0 +1.770763762e+04 +1.773900762e+04 +1.773900762e+04
624 0 +1.280793728e+04 +1.283930728e+04 +1.283930728e+04
773 0 +1.233289487e+04 +1.236426487e+04 +1.236426487e+04
850 0 +1.233289487e+04 +1.236426487e+04 +1.236426487e+04
% f evaluations | g evaluations | best noise-free fitness - Fopt (-1.000000000000e+03) + sum g_i+ | measured fitness | best measured fitness or single-digit g-values | x1 | x2...
1 0 +5.908828744e+05 +5.898828744e+05 +5.898828744e+05
37 0 +5.795621982e+05 +5.785621982e+05 +5.785621982e+05
53 0 +3.166930836e+05 +3.156930836e+05 +3.156930836e+05
149 0 +2.261956752e+05 +2.251956752e+05 +2.251956752e+05
155 0 +1.815309557e+05 +1.805309557e+05 +1.805309557e+05
160 0 +1.220751074e+05 +1.210751074e+05 +1.210751074e+05
214 0 +7.913270112e+04 +7.813270112e+04 +7.813270112e+04
254 0 +6.492189313e+04 +6.392189313e+04 +6.392189313e+04
303 0 +3.675972458e+04 +3.575972458e+04 +3.575972458e+04
332 0 +3.346159465e+04 +3.246159465e+04 +3.246159465e+04
369 0 +2.940764492e+04 +2.840764492e+04 +2.840764492e+04
396 0 +2.407757043e+04 +2.307757043e+04 +2.307757043e+04
416 0 +2.125500365e+04 +2.025500365e+04 +2.025500365e+04
420 0 +1.813758811e+04 +1.713758811e+04 +1.713758811e+04
501 0 +7.695951848e+03 +6.695951848e+03 +6.695951848e+03
516 0 +5.018769963e+03 +4.018769963e+03 +4.018769963e+03
522 0 +2.069312915e+03 +1.069312915e+03 +1.069312915e+03
616 0 +1.597777885e+03 +5.977778850e+02 +5.977778850e+02
672 0 +1.102881769e+03 +1.028817691e+02 +1.028817691e+02
707 0 +8.060169083e+02 -1.939830917e+02 -1.939830917e+02
816 0 +7.831096174e+02 -2.168903826e+02 -2.168903826e+02
850 0 +7.817074801e+02 -2.182925199e+02 -2.182925199e+02
% f evaluations | g evaluations | best noise-free fitness - Fopt (1.319200000000e+02) + sum g_i+ | measured fitness | best measured fitness or single-digit g-values | x1 | x2...
1 0 +2.094687334e+06 +2.094819254e+06 +2.094819254e+06
2 0 +1.484805690e+06 +1.484937610e+06 +1.484937610e+06
9 0 +1.077569558e+06 +1.077701478e+06 +1.077701478e+06
54 0 +9.090208841e+05 +9.091528041e+05 +9.091528041e+05
64 0 +8.715957982e+05 +8.717277182e+05 +8.717277182e+05
77 0 +7.247351964e+05 +7.248671164e+05 +7.248671164e+05
84 0 +5.769027799e+05 +5.770346999e+05 +5.770346999e+05
114 0 +5.614259634e+05 +5.615578834e+05 +5.615578834e+05
147 0 +3.155627350e+05 +3.156946550e+05 +3.156946550e+05
149 0 +2.595995181e+05 +2.597314381e+05 +2.597314381e+05
199 0 +1.942099974e+05 +1.943419174e+05 +1.943419174e+05
320 0 +1.574130334e+05 +1.575449534e+05 +1.575449534e+05
324 0 +1.397819331e+05 +1.399138531e+05 +1.399138531e+05
341 0 +1.198207409e+05 +1.199526609e+05 +1.199526609e+05
418 0 +1.067122806e+05 +1.068442006e+05 +1.068442006e+05
453 0 +9.914942503e+04 +9.928134503e+04 +9.928134503e+04
472 0 +8.665008596e+04 +8.678200596e+04 +8.678200596e+04
546 0 +6.256699676e+04 +6.269891676e+04 +6.269891676e+04
595 0 +4.283971374e+04 +4.297163374e+04 +4.297163374e+04
695 0 +3.667237639e+04 +3.680429639e+04 +3.680429639e+04
696 0 +3.439187642e+04 +3.452379642e+04 +3.452379642e+04
799 0 +2.699803071e+04 +2.712995071e+04 +2.712995071e+04
818 0 +2.406900677e+04 +2.420092677e+04 +2.420092677e+04
834 0 +2.212560557e+04 +2.225752557e+04 +2.225752557e+04
850 0 +2.212560557e+04 +2.225752557e+04 +2.225752557e+04
% f evaluations | g evaluations | best noise-free fitness - Fopt (5.908400000000e+02) + sum g_i+ | measured fitness | best measured fitness or single-digit g-values | x1 | x2...
1 0 +2.350978598e+06 +2.351569438e+06 +2.351569438e+06
7 0 +2.015144608e+06 +2.015735448e+06 +2.015735448e+06
9 0 +1.197763378e+06 +1.198354218e+06 +1.198354218e+06
22 0 +1.070748490e+06 +1.071339330e+06 +1.071339330e+06
57 0 +8.586991423e+05 +8.592899823e+05 +8.592899823e+05
74 0 +6.519450092e+05 +6.525358492e+05 +6.525358492e+05
101 0 +5.839395877e+05 +5.845304277e+05 +5.845304277e+05
182 0 +5.165816071e+05 +5.171724471e+05 +5.171724471e+05
204 0 +4.413334814e+05 +4.419243214e+05 +4.419243214e+05
250 0 +3.349918475e+05 +3.355826875e+05 +3.355826875e+05
265 0 +2.269520354e+05 +2.275428754e+05 +2.275428754e+05
281 0 +2.086920884e+05 +2.092829284e+05 +2.092829284e+05
313 0 +1.950633359e+05 +1.956541759e+05 +1.956541759e+05
337 0 +1.493960132e+05 +1.499868532e+05 +1.499868532e+05
429 0 +1.395516251e+05 +1.401424651e+05 +1.401424651e+05
480 0 +1.240570920e+05 +1.246479320e+05 +1.246479320e+05
760 0 +1.107077904e+05 +1.112986304e+05 +1.112986304e+05
850 0 +1.104501113e+05 +1.110409513e+05 +1.110409513e+05
% f evaluations | g evaluations | best noise-free fitness - Fopt (6.749000000000e+01) + sum g_i+ | measured fitness | best measured fitness or single-digit g-values | x1 | x2...
1 0 +1.451497569e+06 +1.451565059e+06 +1.451565059e+06
5 0 +1.022096579e+06 +1.022164069e+06 +1.022164069e+06
11 0 +9.741696127e+05 +9.742371027e+05 +9.742371027e+05
26 0 +6.359682260e+05 +6.360357160e+05 +6.360357160e+05
51 0 +6.275512275e+05 +6.276187175e+05 +6.276187175e+05
53 0 +5.855658898e+05 +5.856333798e+05 +5.856333798e+05
75 0 +5.443995995e+05 +5.444670895e+05 +5.444670895e+05
87 0 +4.760442354e+05 +4.761117254e+05 +4.761117254e+05
100 0 +3.291620446e+05 +3.292295346e+05 +3.292295346e+05
117 0 +2.977639454e+05 +2.978314354e+05 +2.978314354e+05
151 0 +1.799977875e+05 +1.800652775e+05 +1.800652775e+05
192 0 +1.761276069e+05 +1.761950969e+05 +1.761950969e+05
201 0 +1.442443680e+05 +1.443118580e+05 +1.443118580e+05
273 0 +1.024327237e+05 +1.025002137e+05 +1.025002137e+05
298 0 +7.632661158e+04 +7.639410158e+04 +7.639410158e+04
310 0 +3.911375547e+04 +3.918124547e+04 +3.918124547e+04
448 0 +3.371596084e+04 +3.378345084e+04 +3.378345084e+04
634 0 +2.616680477e+04 +2.623429477e+04 +2.623429477e+04
661 0 +2.486938336e+04 +2.493687336e+04 +2.493687336e+04
760 0 +2.093108522e+04 +2.099857522e+04 +2.099857522e+04
761 0 +1.700157430e+04 +1.706906430e+04 +1.706906430e+04
850 0 +1.700157430e+04 +1.706906430e+04 +1.706906430e+04
% f evaluations | g evaluations | best noise-free fitness - Fopt (3.085000000000e+01) + sum g_i+ | measured fitness | best measured fitness or single-digit g-values | x1 | x2...
1 0 +1.881459116e+06 +1.881489966e+06 +1.881489966e+06
9 0 +1.360182315e+06 +1.360213165e+06 +1.360213165e+06
55 0 +1.091817659e+06 +1.091848509e+06 +1.091848509e+06
70 0 +8.297745601e+05 +8.298054101e+05 +8.298054101e+05
75 0 +6.999118242e+05 +6.999426742e+05 +6.999426742e+05
80 0 +5.769677702e+05 +5.769986202e+05 +5.769986202e+05
89 0 +4.730724051e+05 +4.731032551e+05 +4.731032551e+05
92 0 +4.172460941e+05 +4.172769441e+05 +4.172769441e+05
130 0 +3.877088875e+05 +3.877397375e+05 +3.877397375e+05
161 0 +3.134450538e+05 +3.134759038e+05 +3.134759038e+05
178 0 +1.451047138e+05 +1.451355638e+05 +1.451355638e+05
183 0 +1.384374390e+05 +1.384682890e+05 +1.384682890e+05
246 0 +1.202753877e+05 +1.203062377e+05 +1.203062377e+05
260 0 +1.041610658e+05 +1.041919158e+05 +1.041919158e+05
291 0 +9.810983738e+04 +9.814068738e+04 +9.814068738e+04
292 0 +6.331344114e+04 +6.334429114e+04 +6.334429114e+04
344 0 +6.212907857e+04 +6.215992857e+04 +6.215992857e+04
356 0 +5.242422412e+04 +5.245507412e+04 +5.245507412e+04
360 0 +3.370605705e+04 +3.373690705e+04 +3.373690705e+04
387 0 +2.995585804e+04 +2.998670804e+04 +2.998670804e+04
395 0 +2.498510621e+04 +2.501595621e+04 +2.501595621e+04
424 0 +1.991158026e+04 +1.994243026e+04 +1.994243026e+04
457 0 +4.333885853e+03 +4.364735853e+03 +4.364735853e+03
495 0 +3.741881534e+03 +3.772731534e+03 +3.772731534e+03
645 0 +2.525086364e+03 +2.555936364e+03 +2.555936364e+03
665 0 +1.122106727e+03 +1.152956727e+03 +1.152956727e+03
773 0 +1.110221721e+03 +1.141071721e+03 +1.141071721e+03
850 0 +1.086020699e+03 +1.116870699e+03 +1.116870699e+03
% f evaluations | g evaluations | best noise-free fitness - Fopt (-1.255000000000e+01) + sum g_i+ | measured fitness | best measured fitness or single-digit g-values | x1 | x2...
1 0 +3.446606413e+06 +3.446593863e+06 +3.446593863e+06
2 0 +3.349420867e+06 +3.349408317e+06 +3.349408317e+06
3 0 +3.164441474e+06 +3.164428924e+06 +3.164428924e+06
4 0 +2.890569801e+06 +2.890557251e+06 +2.890557251e+06
5 0 +1.395720523e+06 +1.395707973e+06 +1.395707973e+06
58 0 +1.132551144e+06 +1.132538594e+06 +1.132538594e+06
65 0 +1.074084600e+06 +1.074072050e+06 +1.074072050e+06
146 0 +8.580749684e+05 +8.580624184e+05 +8.580624184e+05
164 0 +7.332157684e+05 +7.332032184e+05 +7.332032184e+05
166 0 +6.737349254e+05 +6.737223754e+05 +6.737223754e+05
217 0 +6.110107437e+05 +6.109981937e+05 +6.109981937e+05
223 0 +5.626670392e+05 +5.626544892e+05 +5.626544892e+05
246 0 +5.388681109e+05 +5.388555609e+05 +5.388555609e+05
255 0 +4.911500512e+05 +4.911375012e+05 +4.911375012e+05
270 0 +3.732953245e+05 +3.732827745e+05 +3.732827745e+05
273 0 +2.890364515e+05 +2.890239015e+05 +2.890239015e+05
276 0 +2.693549980e+05 +2.693424480e+05 +2.693424480e+05
284 0 +2.360687231e+05 +2.360561731e+05 +2.360561731e+05
286 0 +2.112809788e+05 +2.112684288e+05 +2.112684288e+05
296 0 +1.851661736e+05 +1.851536236e+05 +1.851536236e+05
313 0 +1.249586042e+05 +1.249460542e+05 +1.249460542e+05
384 0 +1.098793333e+05 +1.098667833e+05 +1.098667833e+05
411 0 +7.610847163e+04 +7.609592163e+04 +7.609592163e+04
429 0 +3.924764345e+04 +3.923509345e+04 +3.923509345e+04
504 0 +3.211844646e+04 +3.210589646e+04 +3.210589646e+04
529 0 +2.247040724e+04 +2.245785724e+04 +2.245785724e+04
589 0 +1.540126305e+04 +1.538871305e+04 +1.538871305e+04
724 0 +1.329417980e+04 +1.328162980e+04 +1.328162980e+04
746 0 +1.065774190e+04 +1.064519190e+04 +1.064519190e+04
850 0 +1.065774190e+04 +1.064519190e+04 +1.064519190e+04
% f evaluations | g evaluations | best noise-free fitness - Fopt (5.383900000000e+02) + sum g_i+ | measured fitness | best measured fitness or single-digit g-values | x1 | x2...
1 0 +2.235028214e+06 +2.235566604e+06 +2.235566604e+06
4 0 +1.988661499e+06 +1.989199889e+06 +1.989199889e+06
11 0 +1.824060603e+06 +1.824598993e+06 +1.824598993e+06
24 0 +1.613541382e+06 +1.614079772e+06 +1.614079772e+06
25 0 +1.585928283e+06 +1.586466673e+06 +1.586466673e+06
38 0 +1.185543961e+06 +1.186082351e+06 +1.186082351e+06
53 0 +1.087550091e+06 +1.088088481e+06 +1.088088481e+06
59 0 +9.870045101e+05 +9.875429001e+05 +9.875429001e+05
71 0 +8.540626151e+05 +8.546010051e+05 +8.546010051e+05
74 0 +6.762873580e+05 +6.768257480e+05 +6.768257480e+05
102 0 +5.797702081e+05 +5.803085981e+05 +5.803085981e+05
133 0 +5.568185003e+05 +5.573568903e+05 +5.573568903e+05
191 0 +4.733470228e+05 +4.738854128e+05 +4.738854128e+05
193 0 +4.184052526e+05 +4.189436426e+05 +4.189436426e+05
284 0 +3.336145556e+05 +3.341529456e+05 +3.341529456e+05
286 0 +2.924487855e+05 +2.929871755e+05 +2.929871755e+05
291 0 +2.731333196e+05 +2.736717096e+05 +2.736717096e+05
321 0 +2.203748023e+05 +2.209131923e+05 +2.209131923e+05
391 0 +1.785281857e+05 +1.790665757e+05 +1.790665757e+05
428 0 +1.553672385e+05 +1.559056285e+05 +1.559056285e+05
449 0 +1.348014251e+05 +1.353398151e+05 +1.353398151e+05
459 0 +1.045664506e+05 +1.051048406e+05 +1.051048406e+05
492 0 +7.131349787e+04 +7.185188787e+04 +7.185188787e+04
501 0 +5.844107649e+04 +5.897946649e+04 +5.897946649e+04
607 0 +5.392774108e+04 +5.446613108e+04 +5.446613108e+04
699 0 +4.938807764e+04 +4.992646764e+04 +4.992646764e+04
705 0 +4.188248391e+04 +4.242087391e+04 +4.242087391e+04
708 0 +3.724463201e+04 +3.778302201e+04 +3.778302201e+04
764 0 +3.323800495e+04 +3.377639495e+04 +3.377639495e+04
774 0 +2.702571151e+04 +2.756410151e+04 +2.756410151e+04
799 0 +2.405398859e+04 +2.459237859e+04 +2.459237859e+04
820 0 +2.153058469e+04 +2.206897469e+04 +2.206897469e+04
850 0 +2.023535185e+04 +2.077374185e+04 +2.077374185e+04
% f evaluations | g evaluations | best noise-free fitness - Fopt (-1.055600000000e+02) + sum g_i+ | measured fitness | best measured fitness or single-digit g-values | x1 | x2...
1 0 +2.317652535e+06 +2.317546975e+06 +2.317546975e+06
2 0 +1.941973612e+06 +1.941868052e+06 +1.941868052e+06
3 0 +1.785235419e+06 +1.785129859e+06 +1.785129859e+06
4 0 +1.583822427e+06 +1.583716867e+06 +1.583716867e+06
5 0 +1.109190551e+06 +1.109084991e+06 +1.109084991e+06
15 0 +7.683834010e+05 +7.682778410e+05 +7.682778410e+05
58 0 +4.960575059e+05 +4.959519459e+05 +4.959519459e+05
73 0 +2.198962425e+05 +2.197906825e+05 +2.197906825e+05
114 0 +1.798899683e+05 +1.797844083e+05 +1.797844083e+05
121 0 +1.253259761e+05 +1.252204161e+05 +1.252204161e+05
128 0 +1.112029406e+05 +1.110973806e+05 +1.110973806e+05
253 0 +8.037164016e+04 +8.026608016e+04 +8.026608016e+04
278 0 +5.938145200e+04 +5.927589200e+04 +5.927589200e+04
288 0 +3.908159761e+04 +3.897603761e+04 +3.897603761e+04
305 0 +3.347060821e+04 +3.336504821e+04 +3.336504821e+04
330 0 +1.885629615e+04 +1.875073615e+04 +1.875073615e+04
477 0 +1.528261921e+04 +1.517705921e+04 +1.517705921e+04
504 0 +1.075169244e+04 +1.064613244e+04 +1.064613244e+04
605 0 +9.158554623e+03 +9.052994623e+03 +9.052994623e+03
610 0 +2.790884309e+03 +2.685324309e+03 +2.685324309e+03
616 0 +1.958267131e+03 +1.852707131e+03 +1.852707131e+03
696 0 +1.146690069e+03 +1.041130069e+03 +1.041130069e+03
842 0 +1.120431977e+03 +1.014871977e+03 +1.014871977e+03
850 0 +1.114011293e+03 +1.008451293e+03 +1.008451293e+03
% f evaluations | g evaluations | best noise-free fitness - Fopt (9.803000000000e+01) + sum g_i+ | measured fitness | best measured fitness or single-digit g-values | x1 | x2...
1 0 +2.358427060e+06 +2.358525090e+06 +2.358525090e+06
5 0 +1.678978610e+06 +1.679076640e+06 +1.679076640e+06
6 0 +1.369205943e+06 +1.369303973e+06 +1.369303973e+06
33 0 +1.263868118e+06 +1.263966148e+06 +1.263966148e+06
44 0 +1.256424353e+06 +1.256522383e+06 +1.256522383e+06
55 0 +1.147185671e+06 +1.147283701e+06 +1.147283701e+06
56 0 +1.110321623e+06 +1.110419653e+06 +1.110419653e+06
63 0 +1.092516539e+06 +1.092614569e+06 +1.092614569e+06
87 0 +9.507106987e+05 +9.508087287e+05 +9.508087287e+05
89 0 +8.043609367e+05 +8.044589667e+05 +8.044589667e+05
94 0 +7.969351857e+05 +7.970332157e+05 +7.970332157e+05
136 0 +6.824095071e+05 +6.825075371e+05 +6.825075371e+05
179 0 +6.216813669e+05 +6.217793969e+05 +6.217793969e+05
181 0 +5.822192237e+05 +5.823172537e+05 +5.823172537e+05
217 0 +4.565098993e+05 +4.566079293e+05 +4.566079293e+05
235 0 +2.932618606e+05 +2.933598906e+05 +2.933598906e+05
315 0 +2.381094080e+05 +2.382074380e+05 +2.382074380e+05
319 0 +2.204877987e+05 +2.205858287e+05 +2.205858287e+05
377 0 +1.200937572e+05 +1.201917872e+05 +1.201917872e+05
429 0 +1.118701575e+05 +1.119681875e+05 +1.119681875e+05
459 0 +7.296778884e+04 +7.306581884e+04 +7.306581884e+04
527 0 +7.017074644e+04 +7.026877644e+04 +7.026877644e+04
542 0 +3.739842926e+04 +3.749645926e+04 +3.749645926e+04
707 0 +3.470530587e+04 +3.480333587e+04 +3.480333587e+04
723 0 +3.069924718e+04 +3.079727718e+04 +3.079727718e+04
830 0 +2.413580905e+04 +2.423383905e+04 +2.423383905e+04
850 0 +2.413580905e+04 +2.423383905e+04 +2.423383905e+04
% f evaluations | g evaluations | best noise-free fitness - Fopt (1.000000000000e+03) + sum g_i+ | measured fitness | best measured fitness or single-digit g-values | x1 | x2...
1 0 +1.893549770e+06 +1.894549770e+06 +1.894549770e+06
3 0 +1.156075077e+06 +1.157075077e+06 +1.157075077e+06
4 0 +6.300844687e+05 +6.310844687e+05 +6.310844687e+05
52 0 +2.916753704e+05 +2.926753704e+05 +2.926753704e+05
78 0 +2.520494234e+05 +2.530494234e+05 +2.530494234e+05
172 0 +1.971748122e+05 +1.981748122e+05 +1.981748122e+05
187 0 +1.670705550e+05 +1.680705550e+05 +1.680705550e+05
198 0 +1.510646707e+05 +1.520646707e+05 +1.520646707e+05
218 0 +1.356586282e+05 +1.366586282e+05 +1.366586282e+05
221 0 +1.189057868e+05 +1.199057868e+05 +1.199057868e+05
236 0 +8.286608911e+04 +8.386608911e+04 +8.386608911e+04
260 0 +7.218982680e+04 +7.318982680e+04 +7.318982680e+04
278 0 +6.148406981e+04 +6.248406981e+04 +6.248406981e+04
397 0 +4.087849347e+04 +4.187849347e+04 +4.187849347e+04
413 0 +3.423067118e+04 +3.523067118e+04 +3.523067118e+04
640 0 +2.914246999e+04 +3.014246999e+04 +3.014246999e+04
650 0 +2.496163959e+04 +2.596163959e+04 +2.596163959e+04
731 0 +2.169939200e+04 +2.269939200e+04 +2.269939200e+04
736 0 +1.847502310e+04 +1.947502310e+04 +1.947502310e+04
793 0 +1.703006611e+04 +1.803006611e+04 +1.803006611e+04
850 0 +1.657596737e+04 +1.757596737e+04 +1.757596737e+04
% f evaluations | g evaluations | best noise-free fitness - Fopt (1.490000000000e+00) + sum g_i+ | measured fitness | best measured fitness or single-digit g-values | x1 | x2...
1 0 +1.915575168e+06 +1.915576658e+06 +1.915576658e+06
6 0 +1.532373471e+06 +1.532374961e+06 +1.532374961e+06
8 0 +1.290809411e+06 +1.290810901e+06 +1.290810901e+06
9 0 +1.076165353e+06 +1.076166843e+06 +1.076166843e+06
13 0 +8.343228951e+05 +8.343243851e+05 +8.343243851e+05
54 0 +6.033636409e+05 +6.033651309e+05 +6.033651309e+05
59 0 +5.788768648e+05 +5.788783548e+05 +5.788783548e+05
79 0 +5.598646562e+05 +5.598661462e+05 +5.598661462e+05
98 0 +4.805673017e+05 +4.805687917e+05 +4.805687917e+05
115 0 +3.681834805e+05 +3.681849705e+05 +3.681849705e+05
143 0 +3.026575857e+05 +3.026590757e+05 +3.026590757e+05
149 0 +2.993796932e+05 +2.993811832e+05 +2.993811832e+05
150 0 +2.024491189e+05 +2.024506089e+05 +2.024506089e+05
174 0 +1.998556949e+05 +1.998571849e+05 +1.998571849e+05
198 0 +1.401949766e+05 +1.401964666e+05 +1.401964666e+05
204 0 +1.194828364e+05 +1.194843264e+05 +1.194843264e+05
262 0 +1.109152728e+05 +1.109167628e+05 +1.109167628e+05
265 0 +6.561904023e+04 +6.562053023e+04 +6.562053023e+04
287 0 +6.212396051e+04 +6.212545051e+04 +6.212545051e+04
368 0 +3.878314494e+04 +3.878463494e+04 +3.878463494e+04
424 0 +1.982846297e+04 +1.982995297e+04 +1.982995297e+04
599 0 +1.418624824e+04 +1.418773824e+04 +1.418773824e+04
659 0 +7.979085250e+03 +7.980575250e+03 +7.980575250e+03
850 0 +7.979085250e+03 +7.980575250e+03 +7.980575250e+03
% f evaluations | g evaluations | best noise-free fitness - Fopt (5.963500000000e+02) + sum g_i+ | measured fitness | best measured fitness or single-digit g-values | x1 | x2...
1 0 +2.477326071e+06 +2.477922421e+06 +2.477922421e+06
3 0 +1.240667163e+06 +1.241263513e+06 +1.241263513e+06
19 0 +1.128084588e+06 +1.128680938e+06 +1.128680938e+06
66 0 +1.101210549e+06 +1.101806899e+06 +1.101806899e+06
67 0 +9.882039357e+05 +9.888002857e+05 +9.888002857e+05
86 0 +7.344206969e+05 +7.350170469e+05 +7.350170469e+05
90 0 +5.658354657e+05 +5.664318157e+05 +5.664318157e+05
114 0 +5.320765718e+05 +5.326729218e+05 +5.326729218e+05
133 0 +4.940129619e+05 +4.946093119e+05 +4.946093119e+05
190 0 +3.344753555e+05 +3.350717055e+05 +3.350717055e+05
265 0 +2.347939665e+05 +2.353903165e+05 +2.353903165e+05
318 0 +1.620747800e+05 +1.626711300e+05 +1.626711300e+05
474 0 +1.323586359e+05 +1.329549859e+05 +1.329549859e+05
484 0 +1.198117083e+05 +1.204080583e+05 +1.204080583e+05
524 0 +1.086678649e+05 +1.092642149e+05 +1.092642149e+05
561 0 +9.903619025e+04 +9.963254025e+04 +9.963254025e+04
582 0 +6.521055842e+04 +6.580690842e+04 +6.580690842e+04
699 0 +5.859667075e+04 +5.919302075e+04 +5.919302075e+04
728 0 +4.680676780e+04 +4.740311780e+04 +4.740311780e+04
739 0 +4.286792911e+04 +4.346427911e+04 +4.346427911e+04
756 0 +3.536292676e+04 +3.595927676e+04 +3.595927676e+04
849 0 +2.657587645e+04 +2.717222645e+04 +2.717222645e+04
850 0 +2.657587645e+04 +2.717222645e+04 +2.717222645e+04
% f evaluations | g evaluations | best noise-free fitness - Fopt (-1.189700000000e+02) + sum g_i+ | measured fitness | best measured fitness or single-digit g-values | x1 | x2...
1 0 +1.783174830e+06 +1.783055860e+06 +1.783055860e+06
2 0 +5.439369416e+05 +5.438179716e+05 +5.438179716e+05
51 0 +2.970882604e+05 +2.969692904e+05 +2.969692904e+05
67 0 +2.249129741e+05 +2.247940041e+05 +2.247940041e+05
103 0 +1.440312956e+05 +1.439123256e+05 +1.439123256e+05
128 0 +1.154922533e+05 +1.153732833e+05 +1.153732833e+05
177 0 +8.580098642e+04 +8.568201642e+04 +8.568201642e+04
181 0 +6.987260035e+04 +6.975363035e+04 +6.975363035e+04
183 0 +6.175361702e+04 +6.163464702e+04 +6.163464702e+04
230 0 +3.554056023e+04 +3.542159023e+04 +3.542159023e+04
283 0 +2.573743100e+04 +2.561846100e+04 +2.561846100e+04
453 0 +2.176511662e+04 +2.164614662e+04 +2.164614662e+04
483 0 +1.954014961e+04 +1.942117961e+04 +1.942117961e+04
557 0 +1.737576197e+04 +1.725679197e+04 +1.725679197e+04
567 0 +1.088114904e+04 +1.076217904e+04 +1.076217904e+04
625 0 +4.764451482e+03 +4.645481482e+03 +4.645481482e+03
696 0 +3.385148227e+03 +3.266178227e+03 +3.266178227e+03
713 0 +2.068602687e+03 +1.949632687e+03 +1.949632687e+03
781 0 +1.263786861e+03 +1.144816861e+03 +1.144816861e+03
850 0 +1.263786861e+03 +1.144816861e+03 +1.144816861e+03
