% f evaluations | g evaluations | best noise-free fitness - Fopt (-5.494000000000e+01) + sum g_i+ | measured fitness | best measured fitness or single-digit g-values | x1 | x2...
1 0 +1.154831275e+07 +1.154825781e+07 +1.154825781e+07 +1.7680e+00 +3.6824e+00 -3.6787e-01 -2.8869e-01 -2.9840e+00
3 0 +4.131196382e+06 +4.131141442e+06 +4.131141442e+06 -3.6718e-01 +1.7958e+00 +2.9074e+00 -1.2558e+00 +1.3839e+00
5 0 +5.111064381e+05 +5.110514981e+05 +5.110514981e+05 -1.5407e+00 +4.4640e+00 -1.0260e+00 -1.9569e+00 -2.0826e+00
10 0 +1.394939186e+05 +1.394389786e+05 +1.394389786e+05 +1.2922e-01 -4.3352e-01 -2.6295e+00 -4.6173e-01 +3.7864e+00
35 0 +1.558787573e+04 +1.553293573e+04 +1.553293573e+04 +1.0822e+00 +2.1719e+00 -1.4034e+00 +5.5854e-01 +4.4816e+00
150 0 +1.558787573e+04 +1.553293573e+04 +1.553293573e+04 +1.0822e+00 +2.1719e+00 -1.4034e+00 +5.5854e-01 +4.4816e+00
% f evaluations | g evaluations | best noise-free fitness - Fopt (5.913000000000e+01) + sum g_i+ | measured fitness | best measured fitness or single-digit g-values | x1 | x2...
1 0 +2.871435043e+07 +2.871440956e+07 +2.871440956e+07 -2.8890e+00 -4.9010e+00 +3.1033e+00 -3.6855e-01 -6.2639e-01
2 0 +2.997952562e+05 +2.998543862e+05 +2.998543862e+05 +4.5912e+00 +3.6950e+00 -4.2652e+00 -4.6088e-01 -1.1131e+00
54 0 +2.225844798e+04 +2.231757798e+04 +2.231757798e+04 +2.6692e+00 +4.1108e+00 -2.0975e+00 -2.7969e+00 -1.2601e+00
150 0 +2.225844798e+04 +2.231757798e+04 +2.231757798e+04 +2.6692e+00 +4.1108e+00 -2.0975e+00 -2.7969e+00 -1.2601e+00
% f evaluations | g evaluations | best noise-free fitness - Fopt (-4.915300000000e+02) + sum g_i+ | measured fitness | best measured fitness or single-digit g-values | x1 | x2...
1 0 +2.830018692e+06 +2.829527162e+06 +2.829527162e+06 +1.8437e+00 +3.2395e-01 +2.6018e-01 -1.1040e+00 -2.4459e-01
5 0 +8.229293533e+05 +8.224378233e+05 +8.224378233e+05 -2.2771e+00 -1.5879e+00 +3.1235e+00 -3.4010e+00 -6.0105e-01
12 0 +3.020352469e+05 +3.015437169e+05 +3.015437169e+05 -6.1586e-01 -7.1188e-01 +3.5362e+00 -2.0988e+00 +3.0054e+00
39 0 +1.357468111e+05 +1.352552811e+05 +1.352552811e+05 -8.0546e-01 -1.5033e+00 -1.3391e+00 -2.0097e+00 -2.3762e+00
43 0 +7.774260747e+04 +7.725107747e+04 +7.725107747e+04 +2.3427e+00 +3.2910e+00 +2.9323e+00 +4.8443e+00 +1.9889e+00
56 0 +2.154738671e+04 +2.105585671e+04 +2.105585671e+04 +2.0026e+00 +1.9850e+00 +3.1287e+00 +3.8691e+00 +3.5252e+00
61 0 +1.555968157e+04 +1.506815157e+04 +1.506815157e+04 +1.8962e+00 +2.3987e+00 +2.1916e+00 +4.2119e+00 +2.3237e+00
73 0 +9.192897072e+03 +8.701367072e+03 +8.701367072e+03 +1.7878e+00 +8.1654e-01 -1.3901e+00 +3.6642e+00 +2.8103e+00
142 0 +7.106680972e+03 +6.615150972e+03 +6.615150972e+03 +1.9747e+00 +7.3775e-01 -1.0874e+00 +5.0000e+00 +2.6059e+00
150 0 +7.106680972e+03 +6.615150972e+03 +6.615150972e+03 +1.9747e+00 +7.3775e-01 -1.0874e+00 +5.0000e+00 +2.6059e+00
% f evaluations | g evaluations | best noise-free fitness - Fopt (-1.702000000000e+02) + sum g_i+ | measured fitness | best measured fitness or single-digit g-values | x1 | x2...
1 0 +3.696383939e+07 +3.696366919e+07 +3.696366919e+07 -1.5596e+00 -2.6478e+00 -1.2006e+00 -3.5004e+00 -6.1294e-02
2 0 +4.375022512e+06 +4.374852312e+06 +4.374852312e+06 -4.5049e+00 +4.1829e+00 -3.4919e+00 +3.6950e+00 -4.5572e+00
3 0 +1.152033541e+06 +1.151863341e+06 +1.151863341e+06 +4.2191e+00 +3.1539e+00 -2.9810e+00 +3.5940e+00 -1.4396e+00
21 0 +4.015171819e+05 +4.013469819e+05 +4.013469819e+05 -1.7530e+00 -1.1362e+00 -4.5422e+00 +3.5794e+00 -1.4108e+00
65 0 +3.692748518e+05 +3.691046518e+05 +3.691046518e+05 -1.8825e+00 -1.1231e+00 -3.3403e+00 +3.9736e+00 -1.2641e+00
71 0 +3.003521818e+05 +3.001819818e+05 +3.001819818e+05 -1.9364e+00 -1.1254e+00 -4.1360e+00 +3.7597e+00 -1.1938e+00
83 0 +2.349674308e+05 +2.347972308e+05 +2.347972308e+05 -1.0781e+00 +1.7615e+00 -3.1022e+00 +3.7784e+00 -7.4748e-01
89 0 +4.926204229e+04 +4.909184229e+04 +4.909184229e+04 +9.6027e-01 +3.9168e+00 +3.2035e-01 +4.5660e+00 +1.3918e+00
94 0 +2.045243015e+04 +2.028223015e+04 +2.028223015e+04 -1.1221e-01 +3.6842e+00 +4.0750e-01 +4.6350e+00 +1.8267e+00
126 0 +1.071608500e+04 +1.054588500e+04 +1.054588500e+04 -8.8500e-01 -7.4833e-01 -1.0087e-01 +4.9637e+00 +1.8509e+00
150 0 +1.071608500e+04 +1.054588500e+04 +1.054588500e+04 -8.8500e-01 -7.4833e-01 -1.0087e-01 +4.9637e+00 +1.8509e+00
% f evaluations | g evaluations | best noise-free fitness - Fopt (-4.697500000000e+02) + sum g_i+ | measured fitness | best measured fitness or single-digit g-values | x1 | x2...
1 0 +8.963814614e+06 +8.963344864e+06 +8.963344864e+06 +6.3560e-01 -3.3948e+00 -2.4764e+00 +3.6466e+00 +7.5451e-01
4 0 +2.240492737e+06 +2.240022987e+06 +2.240022987e+06 -7.1304e-01 -4.1893e+00 +4.1865e+00 +3.3704e+00 +3.2750e+00
10 0 +1.734041205e+06 +1.733571455e+06 +1.733571455e+06 +1.3562e+00 -1.5618e+00 +1.6738e+00 -1.5672e+00 +1.3141e+00
11 0 +5.848226173e+05 +5.843528673e+05 +5.843528673e+05 +1.9542e+00 +1.5883e+00 +4.0448e+00 -1.6151e+00 -2.7588e-01
28 0 +5.600448445e+05 +5.595750945e+05 +5.595750945e+05 +4.8642e+00 -4.8569e+00 -1.1233e-01 +3.1563e+00 -4.7460e+00
34 0 +3.174893392e+05 +3.170195892e+05 +3.170195892e+05 +2.0054e+00 -4.4839e+00 +3.4951e+00 -4.1109e+00 -2.2384e+00
45 0 +4.865785823e+04 +4.818810823e+04 +4.818810823e+04 +4.5007e+00 +2.7846e+00 +1.5263e+00 -3.4605e-01 +3.2594e+00
61 0 +3.513592844e+04 +3.466617844e+04 +3.466617844e+04 +3.1744e+00 +2.6319e+00 +3.1435e+00 -4.9769e-01 +1.9646e+00
90 0 +6.757676388e+03 +6.287926388e+03 +6.287926388e+03 +3.4533e+00 +2.5889e+00 +3.5098e+00 +3.0742e+00 -2.6734e+00
150 0 +6.757676388e+03 +6.287926388e+03 +6.287926388e+03 +3.4533e+00 +2.5889e+00 +3.5098e+00 +3.0742e+00 -2.6734e+00
% f evaluations | g evaluations | best noise-free fitness - Fopt (-5.191000000000e+01) + sum g_i+ | measured fitness | best measured fitness or single-digit g-values | x1 | x2...
1 0 +1.220241243e+06 +1.220189333e+06 +1.220189333e+06 -1.0457e+00 -3.6559e+00 -3.0385e-01 +2.0206e+00 +9.6765e-01
2 0 +6.358948275e+05 +6.358429175e+05 +6.358429175e+05 +1.7403e+00 -3.0678e+00 +1.1728e+00 -1.7375e+00 -3.9066e+00
26 0 +1.612400401e+05 +1.611881301e+05 +1.611881301e+05 -4.7258e+00 +3.1774e+00 -2.6937e+00 -3.3901e+00 +2.3394e-01
57 0 +3.535331491e+04 +3.530140491e+04 +3.530140491e+04 -3.9826e+00 +1.4212e+00 -2.6944e+00 -4.7589e+00 +8.1762e-02
77 0 +1.107942424e+04 +1.102751424e+04 +1.102751424e+04 -4.3003e+00 +1.4086e+00 -2.8700e+00 -5.0000e+00 -5.6615e-01
140 0 +8.867596189e+03 +8.815686189e+03 +8.815686189e+03 -4.4903e+00 +1.4134e+00 -2.9390e+00 -5.0000e+00 -8.8215e-02
150 0 +8.867596189e+03 +8.815686189e+03 +8.815686189e+03 -4.4903e+00 +1.4134e+00 -2.9390e+00 -5.0000e+00 -8.8215e-02
% f evaluations | g evaluations | best noise-free fitness - Fopt (4.808000000000e+01) + sum g_i+ | measured fitness | best measured fitness or single-digit g-values | x1 | x2...
1 0 +4.593833043e+07 +4.593837851e+07 +4.593837851e+07 +1.4624e+00 -2.7917e+00 +4.6936e+00 -2.8553e+00 +3.5824e+00
2 0 +1.906571818e+07 +1.906576626e+07 +1.906576626e+07 -4.9373e+00 +4.0518e+00 -3.6696e+00 -4.0545e+00 +2.0053e-01
3 0 +2.782782933e+06 +2.782831013e+06 +2.782831013e+06 -4.2634e+00 -8.6438e-02 -9.5583e-01 -3.7753e+00 +2.8907e+00
6 0 +1.503521311e+05 +1.504002111e+05 +1.504002111e+05 -1.8457e+00 +4.0307e+00 -5.0780e-01 -1.2123e+00 -2.1437e+00
75 0 +1.038337750e+05 +1.038818550e+05 +1.038818550e+05 -1.5577e+00 +4.4739e+00 -5.5331e-01 -3.8797e+00 -7.8962e-01
91 0 +7.668398126e+04 +7.673206126e+04 +7.673206126e+04 -2.7386e+00 +1.7325e+00 -1.8427e-01 -3.1355e+00 +4.9311e-01
110 0 +6.511697699e+04 +6.516505699e+04 +6.516505699e+04 -2.5691e+00 +2.7781e+00 -1.7851e-02 +1.3181e+00 +1.1277e+00
150 0 +6.511697699e+04 +6.516505699e+04 +6.516505699e+04 -2.5691e+00 +2.7781e+00 -1.7851e-02 +1.3181e+00 +1.1277e+00
% f evaluations | g evaluations | best noise-free fitness - Fopt (3.058000000000e+01) + sum g_i+ | measured fitness | best measured fitness or single-digit g-values | x1 | x2...
1 0 +8.127668758e+05 +8.127974558e+05 +8.127974558e+05 -1.5697e+00 -2.6085e+00 +2.8233e-01 +3.6829e+00 -2.3142e+00
13 0 +1.916185179e+05 +1.916490979e+05 +1.916490979e+05 -3.7330e+00 -1.8820e+00 -4.3959e+00 +2.5956e+00 +4.8642e+00
19 0 +1.632995416e+05 +1.633301216e+05 +1.633301216e+05 -1.3125e+00 -1.4652e+00 +6.9267e-01 +3.2326e-01 +6.9658e-01
24 0 +5.460249784e+04 +5.463307784e+04 +5.463307784e+04 -2.8326e+00 +1.0652e+00 +3.5800e+00 +3.0855e-01 -5.4833e-01
101 0 +3.925772825e+04 +3.928830825e+04 +3.928830825e+04 -4.1327e+00 +3.0000e+00 +5.0000e+00 -1.5166e+00 -1.0481e+00
102 0 +1.250822136e+04 +1.253880136e+04 +1.253880136e+04 -3.6028e+00 +1.8205e+00 +3.8532e+00 -1.6776e+00 -6.8522e-01
150 0 +1.250822136e+04 +1.253880136e+04 +1.253880136e+04 -3.6028e+00 +1.8205e+00 +3.8532e+00 -1.6776e+00 -6.8522e-01
% f evaluations | g evaluations | best noise-free fitness - Fopt (1.000000000000e+03) + sum g_i+ | measured fitness | best measured fitness or single-digit g-values | x1 | x2...
1 0 +2.975731453e+07 +2.975831453e+07 +2.975831453e+07 -1.8893e+00 -4.6724e+00 -4.3745e+00 -4.7126e+00 -1.1410e+00
2 0 +3.423430492e+06 +3.424430492e+06 +3.424430492e+06 -1.6902e-01 -2.4706e+00 -2.5089e+00 -1.0013e+00 +2.2992e+00
4 0 +3.124400192e+06 +3.125400192e+06 +3.125400192e+06 +3.7407e-01 -1.8537e+00 -3.7178e+00 +8.3483e-02 +1.6936e+00
8 0 +1.889561928e+06 +1.890561928e+06 +1.890561928e+06 +8.1039e-01 -2.5610e+00 -2.9757e+00 +3.9083e+00 +1.1086e+00
10 0 +1.197651618e+06 +1.198651618e+06 +1.198651618e+06 +4.2812e+00 +1.0541e+00 -1.0744e-01 -1.7143e+00 +2.2368e+00
11 0 +8.868197050e+05 +8.878197050e+05 +8.878197050e+05 -2.1272e+00 -1.1021e+00 +1.1090e+00 -1.6740e+00 -2.4094e+00
13 0 +1.678513480e+05 +1.688513480e+05 +1.688513480e+05 +5.0879e-01 +2.4884e+00 -3.6276e+00 -2.3896e-01 -4.0330e+00
22 0 +1.560439039e+05 +1.570439039e+05 +1.570439039e+05 +4.0053e+00 -1.9075e+00 +4.5298e+00 -4.1662e+00 -8.0837e-01
33 0 +4.608295057e+04 +4.708295057e+04 +4.708295057e+04 -1.9839e+00 -4.7731e+00 -1.8581e+00 +1.0448e+00 +2.6755e+00
44 0 +9.972027750e+03 +1.097202775e+04 +1.097202775e+04 -1.5409e+00 -1.8582e+00 -1.3600e+00 -3.4367e-01 -3.9108e-01
150 0 +9.972027750e+03 +1.097202775e+04 +1.097202775e+04 -1.5409e+00 -1.8582e+00 -1.3600e+00 -3.4367e-01 -3.9108e-01
% f evaluations | g evaluations | best noise-free fitness - Fopt (-4.236000000000e+01) + sum g_i+ | measured fitness | best measured fitness or single-digit g-values | x1 | x2...
1 0 +3.151856855e+07 +3.151852619e+07 +3.151852619e+07 -1.8350e+00 -3.0965e+00 +2.0989e+00 +4.9089e+00 +4.3360e+00
2 0 +7.688456935e+06 +7.688414575e+06 +7.688414575e+06 +3.4107e+00 +1.4131e+00 -2.4471e+00 -1.1565e+00 -2.2886e+00
5 0 +8.606774371e+05 +8.606350771e+05 +8.606350771e+05 +3.1314e+00 -3.6469e+00 -1.0865e-01 +5.0206e-01 -1.4336e+00
9 0 +6.901810547e+05 +6.901386947e+05 +6.901386947e+05 -3.5311e+00 +2.9226e+00 +3.2047e+00 -3.3630e-01 -1.2231e+00
16 0 +5.857055958e+05 +5.856632358e+05 +5.856632358e+05 +9.3645e-01 +3.7437e+00 -3.3886e+00 +1.6767e+00 -2.1114e+00
19 0 +3.196002269e+05 +3.195578669e+05 +3.195578669e+05 +4.0608e+00 +8.3565e-01 -2.6358e+00 -4.9296e-01 +3.2131e+00
36 0 +2.249703923e+04 +2.245467923e+04 +2.245467923e+04 -1.8028e+00 -2.4897e+00 +2.4386e+00 +1.0670e+00 -4.3338e+00
77 0 +1.094547440e+04 +1.090311440e+04 +1.090311440e+04 -1.5410e+00 -2.5070e+00 +3.6346e+00 +1.9839e+00 -5.0000e+00
150 0 +1.094547440e+04 +1.090311440e+04 +1.090311440e+04 -1.5410e+00 -2.5070e+00 +3.6346e+00 +1.9839e+00 -5.0000e+00
% f evaluations | g evaluations | best noise-free fitness - Fopt (-7.187000000000e+01) + sum g_i+ | measured fitness | best measured fitness or single-digit g-values | x1 | x2...
1 0 +1.989831328e+06 +1.989759458e+06 +1.989759458e+06 -3.8241e-01 -2.8737e+00 +5.6572e-01 +2.7723e+00 +1.2226e+00
6 0 +2.169759644e+05 +2.169040944e+05 +2.169040944e+05 +2.3904e+00 -6.7169e-01 +2.2700e-01 -3.0752e+00 -1.8782e+00
15 0 +1.689977157e+05 +1.689258457e+05 +1.689258457e+05 -4.0082e+00 +3.3498e+00 -3.0771e+00 +1.9384e+00 +6.8033e-01
63 0 +8.971184240e+04 +8.963997240e+04 +8.963997240e+04 -3.1791e+00 +3.7688e+00 -3.8863e+00 +1.4407e+00 +4.9634e-01
65 0 +8.108717598e+04 +8.101530598e+04 +8.101530598e+04 -2.8182e+00 +3.5584e+00 -4.1507e+00 +1.2406e+00 +4.8739e-01
69 0 +6.386604419e+04 +6.379417419e+04 +6.379417419e+04 +3.0580e+00 +3.8058e+00 -4.7114e+00 -6.7475e-01 +7.0596e-01
126 0 +5.615149553e+04 +5.607962553e+04 +5.607962553e+04 +3.8615e+00 +1.9213e+00 -5.0000e+00 -6.7908e-01 +6.3762e-01
150 0 +5.615149553e+04 +5.607962553e+04 +5.607962553e+04 +3.8615e+00 +1.9213e+00 -5.0000e+00 -6.7908e-01 +6.3762e-01
% f evaluations | g evaluations | best noise-free fitness - Fopt (-1.650000000000e+01) + sum g_i+ | measured fitness | best measured fitness or single-digit g-values | x1 | x2...
1 0 +2.461802442e+07 +2.461800792e+07 +2.461800792e+07 -4.4866e+00 +2.8639e+00 -2.9630e+00 +3.5936e-01 -1.7912e+00
3 0 +2.531289898e+06 +2.531273398e+06 +2.531273398e+06 +3.5630e+00 -7.0483e-01 -3.7661e+00 +2.3937e+00 -1.8812e+00
5 0 +1.238647925e+06 +1.238631425e+06 +1.238631425e+06 +4.5682e+00 +3.5066e+00 +2.2577e-01 -4.0178e+00 +1.8798e-01
58 0 +5.867936459e+05 +5.867771459e+05 +5.867771459e+05 +2.0466e+00 +3.7560e+00 +1.8485e+00 -2.4891e+00 +2.3098e+00
59 0 +2.556759102e+05 +2.556594102e+05 +2.556594102e+05 +2.7020e+00 +4.9694e+00 -2.8209e-01 -5.0000e+00 +2.5920e+00
82 0 +2.944466896e+04 +2.942816896e+04 +2.942816896e+04 +1.7359e+00 +5.0000e+00 +1.4953e+00 -5.0000e+00 +2.7402e+00
114 0 +3.123582450e+03 +3.107082450e+03 +3.107082450e+03 +1.8260e+00 +5.0000e+00 +2.3530e+00 -4.9693e+00 +1.9635e+00
150 0 +3.123582450e+03 +3.107082450e+03 +3.107082450e+03 +1.8260e+00 +5.0000e+00 +2.3530e+00 -4.9693e+00 +1.9635e+00
% f evaluations | g evaluations | best noise-free fitness - Fopt (1.000000000000e+03) + sum g_i+ | measured fitness | best measured fitness or single-digit g-values | x1 | x2...
1 0 +1.361111074e+06 +1.362111074e+06 +1.362111074e+06 -4.9861e+00 +2.1055e+00 +2.7934e+00 -1.1329e+00 -2.8335e+00
2 0 +1.064969109e+06 +1.065969109e+06 +1.065969109e+06 -4.4329e+00 -1.0727e+00 +3.7948e+00 -8.4780e-01 +3.6370e+00
5 0 +4.276391638e+05 +4.286391638e+05 +4.286391638e+05 -3.7913e+00 -4.0413e+00 -2.0345e+00 -3.3550e+00 +1.6086e+00
13 0 +3.588575791e+05 +3.598575791e+05 +3.598575791e+05 -1.1090e+00 +5.3211e-01 +1.0935e+00 -1.7803e+00 +3.9885e+00
20 0 +2.281250319e+05 +2.291250319e+05 +2.291250319e+05 +3.3356e+00 +4.1733e+00 -1.2665e+00 -2.8681e+00 +2.8517e+00
45 0 +2.004066364e+05 +2.014066364e+05 +2.014066364e+05 -3.4963e+00 -4.1927e+00 -2.7811e+00 -3.3081e+00 +3.8627e+00
52 0 +1.751355499e+05 +1.761355499e+05 +1.761355499e+05 -3.8918e+00 -4.3282e+00 -2.1601e+00 -3.9740e+00 +3.7508e+00
54 0 +3.237483795e+04 +3.337483795e+04 +3.337483795e+04 -9.7181e-01 -5.0000e+00 -3.7959e-01 -4.4121e+00 +4.1452e+00
64 0 +1.434918883e+04 +1.534918883e+04 +1.534918883e+04 -1.0905e+00 -5.0000e+00 -1.4025e+00 -4.5199e+00 +4.1264e+00
96 0 +1.072414766e+04 +1.172414766e+04 +1.172414766e+04 -1.3677e+00 -5.0000e+00 -1.3973e+00 -4.5173e+00 +4.2805e+00
138 0 +4.589514692e+03 +5.589514692e+03 +5.589514692e+03 -2.8260e+00 -5.0000e+00 -5.0000e+00 -4.3225e+00 +5.0000e+00
150 0 +4.589514692e+03 +5.589514692e+03 +5.589514692e+03 -2.8260e+00 -5.0000e+00 -5.0000e+00 -4.3225e+00 +5.0000e+00
% f evaluations | g evaluations | best noise-free fitness - Fopt (-1.000000000000e+03) + sum g_i+ | measured fitness | best measured fitness or single-digit g-values | x1 | x2...
1 0 +1.014720445e+07 +1.014620445e+07 +1.014620445e+07 -3.0784e+00 +1.2744e+00 +3.5209e+00 -4.1483e+00 -2.7846e+00
2 0 +5.546739004e+06 +5.545739004e+06 +5.545739004e+06 +2.9681e+00 +2.6221e+00 +1.2901e+00 -1.8890e-01 -3.8320e+00
3 0 +2.890575127e+06 +2.889575127e+06 +2.889575127e+06 -2.5161e+00 +6.7822e-01 +1.4889e+00 +5.1117e-01 -1.1944e+00
4 0 +2.378480812e+06 +2.377480812e+06 +2.377480812e+06 +3.3046e+00 +4.3525e+00 +1.9759e-01 -1.3226e+00 -2.0270e+00
11 0 +8.393502549e+05 +8.383502549e+05 +8.383502549e+05 +1.6686e+00 -2.0380e+00 -4.8404e+00 -4.8604e+00 -1.4493e+00
19 0 +3.772561788e+05 +3.762561788e+05 +3.762561788e+05 +1.9798e+00 -4.9709e-01 -3.3364e+00 +4.6089e+00 -2.5513e+00
25 0 +2.609530321e+05 +2.599530321e+05 +2.599530321e+05 -3.1640e+00 +2.2546e+00 +3.5932e+00 +2.2981e+00 +1.2360e+00
39 0 +2.373191843e+05 +2.363191843e+05 +2.363191843e+05 +2.1283e-01 -4.0701e+00 +1.3400e+00 +4.1820e+00 +4.1864e+00
47 0 +4.123111960e+04 +4.023111960e+04 +4.023111960e+04 -4.1172e+00 -1.1134e+00 -4.9546e-01 -4.9376e+00 +6.6692e-01
61 0 +3.465296934e+04 +3.365296934e+04 +3.365296934e+04 -5.0000e+00 -1.7372e+00 -1.7749e+00 -4.9573e+00 +6.4204e-02
64 0 +2.168779622e+04 +2.068779622e+04 +2.068779622e+04 -3.9293e+00 -1.6862e+00 -2.4381e+00 -5.0000e+00 -8.9334e-01
137 0 +1.688504984e+04 +1.588504984e+04 +1.588504984e+04 -5.0000e+00 -1.3812e+00 -2.4485e+00 -5.0000e+00 -8.1125e-01
150 0 +1.688504984e+04 +1.588504984e+04 +1.588504984e+04 -5.0000e+00 -1.3812e+00 -2.4485e+00 -5.0000e+00 -8.1125e-01
% f evaluations | g evaluations | best noise-free fitness - Fopt (-1.527400000000e+02) + sum g_i+ | measured fitness | best measured fitness or single-digit g-values | x1 | x2...
1 0 +2.497232048e+07 +2.497216774e+07 +2.497216774e+07 -4.3970e+00 -2.4981e-01 -1.7197e+00 +1.6793e+00 -4.8496e+00
2 0 +1.685206965e+05 +1.683679565e+05 +1.683679565e+05 -1.6975e+00 -2.4697e-01 -3.0258e+00 -2.6969e+00 +4.8301e-01
60 0 +1.562421006e+05 +1.560893606e+05 +1.560893606e+05 -2.2761e+00 -4.1342e-03 -3.3622e+00 -2.2278e+00 +8.0147e-01
62 0 +8.612775794e+04 +8.597501794e+04 +8.597501794e+04 -1.3743e+00 -4.1947e-03 -3.0944e+00 -2.4238e+00 +5.0419e-01
120 0 +7.659020516e+04 +7.643746516e+04 +7.643746516e+04 -4.1938e-01 +3.9221e-01 -5.0000e+00 -3.0468e+00 -1.5317e-02
126 0 +5.175440407e+04 +5.160166407e+04 +5.160166407e+04 -1.7246e-01 +1.4372e+00 -5.0000e+00 -4.4107e+00 -1.4767e+00
138 0 +2.819354864e+04 +2.804080864e+04 +2.804080864e+04 -4.3650e-01 -8.8706e-01 -5.0000e+00 -5.0000e+00 -2.2008e+00
150 0 +2.819354864e+04 +2.804080864e+04 +2.804080864e+04 -4.3650e-01 -8.8706e-01 -5.0000e+00 -5.0000e+00 -2.2008e+00
