% f evaluations | g evaluations | best noise-free fitness - Fopt (-1.694000000000e+01) + sum g_i+ | measured fitness | best measured fitness or single-digit g-values | x1 | x2...
1 0 +7.303159559e+01 +5.609159559e+01 +5.609159559e+01 +1.8834e+00 -1.9233e+00 +3.0790e+00 +3.5477e+00 -3.1652e-01
2 0 +6.148973643e+01 +4.454973643e+01 +4.454973643e+01 +3.7081e+00 -4.2350e-01 -2.6391e+00 +4.5416e+00 -3.1442e+00
7 0 +4.460853903e+01 +2.766853903e+01 +2.766853903e+01 +1.6524e+00 -6.2685e-02 -4.8611e+00 +3.7162e+00 +4.6066e+00
14 0 +3.207967332e+01 +1.513967332e+01 +1.513967332e+01 +2.8856e+00 +1.9226e+00 +2.6265e-01 +1.7993e+00 -4.0559e+00
40 0 +2.572896011e+01 +8.788960114e+00 +8.788960114e+00 +2.9123e+00 +2.5867e+00 -4.6528e+00 +2.6108e+00 -1.3054e+00
60 0 +2.375601358e+01 +6.816013582e+00 +6.816013582e+00 +2.7454e+00 -8.1675e-01 -9.7772e-01 +2.7255e+00 +1.6988e+00
63 0 +1.413416682e+01 -2.805833178e+00 -2.805833178e+00 +4.1488e+00 -1.5866e+00 -1.7685e+00 +2.5200e+00 +5.3651e-01
64 0 +1.336546969e+01 -3.574530307e+00 -3.574530307e+00 +4.6499e+00 +1.5540e+00 -3.1978e-01 +2.0937e+00 +1.4538e+00
86 0 +7.345856517e+00 -9.594143483e+00 -9.594143483e+00 +1.5888e+00 +1.7176e+00 -3.1500e+00 +2.2449e+00 +9.2432e-01
150 0 +7.345856517e+00 -9.594143483e+00 -9.594143483e+00 +1.5888e+00 +1.7176e+00 -3.1500e+00 +2.2449e+00 +9.2432e-01
% f evaluations | g evaluations | best noise-free fitness - Fopt (1.881000000000e+01) + sum g_i+ | measured fitness | best measured fitness or single-digit g-values | x1 | x2...
1 0 +1.128105133e+02 +1.316205133e+02 +1.316205133e+02 -2.2068e+00 +8.8604e-02 +4.0194e+00 -2.7889e-01 +3.6877e+00
2 0 +2.914711953e+01 +4.795711953e+01 +4.795711953e+01 -8.4513e-01 +2.7186e-01 -4.4581e+00 +1.7884e+00 +2.0996e+00
5 0 +1.804193697e+01 +3.685193697e+01 +3.685193697e+01 -7.4387e-01 +3.4484e+00 -1.1721e+00 +3.0127e+00 -2.4450e+00
51 0 +1.486208016e+01 +3.367208016e+01 +3.367208016e+01 -1.1705e+00 +1.2778e+00 -1.4363e+00 +1.5110e+00 +2.5575e+00
57 0 +1.041998918e+01 +2.922998918e+01 +2.922998918e+01 -1.1724e+00 +1.5130e+00 -1.2883e+00 +7.2362e-01 +2.2486e+00
89 0 +3.472148737e+00 +2.228214874e+01 +2.228214874e+01 -6.5638e-01 +2.7241e+00 -1.0919e+00 +8.6850e-01 +1.4011e+00
150 0 +3.472148737e+00 +2.228214874e+01 +2.228214874e+01 -6.5638e-01 +2.7241e+00 -1.0919e+00 +8.6850e-01 +1.4011e+00
% f evaluations | g evaluations | best noise-free fitness - Fopt (2.731500000000e+02) + sum g_i+ | measured fitness | best measured fitness or single-digit g-values | x1 | x2...
1 0 +6.072622275e+02 +8.804122275e+02 +8.804122275e+02 +2.8001e+00 +1.8364e+00 +4.1615e+00 -4.7794e+00 -2.7313e+00
2 0 +3.736135367e+02 +6.467635367e+02 +6.467635367e+02 -1.8806e-01 -3.5815e+00 -2.0056e+00 +4.2672e+00 -4.4530e+00
3 0 +6.441587134e+01 +3.375658713e+02 +3.375658713e+02 +4.3178e+00 -3.7799e+00 -8.6069e-01 +7.1434e-02 +2.1549e+00
7 0 +2.767275324e+01 +3.008227532e+02 +3.008227532e+02 -2.6961e+00 +1.7203e+00 +2.7715e-01 +4.4227e+00 +2.2864e+00
28 0 +2.446020346e+01 +2.976102035e+02 +2.976102035e+02 +3.4841e+00 -1.1418e+00 -6.6378e-01 +1.6225e+00 +3.6095e+00
46 0 +2.236460064e+01 +2.955146006e+02 +2.955146006e+02 -9.4286e-01 +2.5862e+00 +9.2916e-01 +3.6220e-01 +1.8005e+00
52 0 +1.988179592e+01 +2.930317959e+02 +2.930317959e+02 -1.2064e+00 +1.5457e+00 +1.5280e+00 +3.3059e+00 +3.2706e+00
73 0 +1.679025685e+01 +2.899402568e+02 +2.899402568e+02 -1.3984e+00 +1.9400e+00 +1.9183e-01 +3.8167e+00 +2.5273e+00
88 0 +1.372892452e+01 +2.868789245e+02 +2.868789245e+02 -5.4041e-02 +2.3144e+00 +2.7886e+00 +3.6911e+00 +1.6252e+00
150 0 +1.372892452e+01 +2.868789245e+02 +2.868789245e+02 -5.4041e-02 +2.3144e+00 +2.7886e+00 +3.6911e+00 +1.6252e+00
% f evaluations | g evaluations | best noise-free fitness - Fopt (3.718000000000e+01) + sum g_i+ | measured fitness | best measured fitness or single-digit g-values | x1 | x2...
1 0 +2.724056012e+02 +3.095856012e+02 +3.095856012e+02 -4.6677e+00 -4.9825e+00 +4.3602e+00 -1.4388e+00 -3.3505e+00
3 0 +2.140469700e+02 +2.512269700e+02 +2.512269700e+02 +6.4120e-01 +6.2843e-01 -1.6654e+00 +1.1027e+00 -6.4794e-01
4 0 +8.876932422e+01 +1.259493242e+02 +1.259493242e+02 -3.9944e+00 -2.4736e+00 -1.8760e+00 +3.9088e+00 -5.0423e-01
8 0 +6.778092371e+01 +1.049609237e+02 +1.049609237e+02 +9.8678e-01 +3.2974e+00 +1.3817e+00 -2.3494e+00 -1.9469e+00
11 0 +2.572032619e+01 +6.290032619e+01 +6.290032619e+01 -4.1388e+00 -4.9180e-01 +3.4034e+00 +2.2836e+00 -2.3700e+00
55 0 +1.720122528e+01 +5.438122528e+01 +5.438122528e+01 -2.6496e+00 -1.9355e+00 +1.0335e+00 +2.0886e+00 -2.3878e+00
60 0 +1.445199420e+01 +5.163199420e+01 +5.163199420e+01 -3.7731e+00 +1.2626e+00 +7.2559e-01 +6.6918e-01 -3.5415e+00
83 0 +1.255385390e+01 +4.973385390e+01 +4.973385390e+01 -5.0000e+00 +9.8513e-01 +1.6181e+00 +8.2156e-01 -3.6750e+00
125 0 +8.682052094e+00 +4.586205209e+01 +4.586205209e+01 -4.4562e+00 +1.7935e+00 +1.1990e+00 +1.1776e+00 -3.9575e+00
150 0 +8.682052094e+00 +4.586205209e+01 +4.586205209e+01 -4.4562e+00 +1.7935e+00 +1.1990e+00 +1.1776e+00 -3.9575e+00
% f evaluations | g evaluations | best noise-free fitness - Fopt (-1.479000000000e+02) + sum g_i+ | measured fitness | best measured fitness or single-digit g-values | x1 | x2...
1 0 +1.014515677e+02 -4.644843233e+01 -4.644843233e+01 +3.1699e-01 -4.4558e+00 +2.0795e+00 -9.8965e-01 -2.1272e+00
5 0 +5.718053297e+01 -9.071946703e+01 -9.071946703e+01 -4.7802e+00 +4.8555e+00 -7.1918e-01 +1.4440e+00 +2.5528e-03
11 0 +2.924362065e+01 -1.186563793e+02 -1.186563793e+02 -1.9037e+00 -9.4635e-01 +4.5720e+00 +9.0380e-01 -1.4843e+00
25 0 +1.015860615e+01 -1.377413938e+02 -1.377413938e+02 -1.4669e+00 -2.0087e+00 +1.9962e+00 -3.7605e+00 -1.8021e+00
150 0 +1.015860615e+01 -1.377413938e+02 -1.377413938e+02 -1.4669e+00 -2.0087e+00 +1.9962e+00 -3.7605e+00 -1.8021e+00
% f evaluations | g evaluations | best noise-free fitness - Fopt (4.817100000000e+02) + sum g_i+ | measured fitness | best measured fitness or single-digit g-values | x1 | x2...
1 0 +9.863037973e+01 +5.803403797e+02 +5.803403797e+02 +4.5804e+00 -3.3289e+00 -4.3047e+00 -1.0725e-01 -2.7648e+00
10 0 +8.512486117e+01 +5.668348612e+02 +5.668348612e+02 +2.2896e+00 -4.0947e+00 -1.3420e+00 -1.1880e+00 -1.9007e+00
13 0 +6.070679045e+01 +5.424167904e+02 +5.424167904e+02 +1.5432e+00 -4.1489e+00 -2.1324e+00 +2.1867e+00 +2.7890e+00
23 0 +5.305212736e+01 +5.347621274e+02 +5.347621274e+02 +2.5989e+00 -3.3278e+00 +9.8051e-01 +3.7162e+00 +2.7142e+00
26 0 +3.514571857e+01 +5.168557186e+02 +5.168557186e+02 +2.1653e+00 -3.0413e+00 -3.1288e+00 +3.5060e+00 -3.2938e+00
51 0 +3.096034423e+01 +5.126703442e+02 +5.126703442e+02 +1.0533e+00 -3.1745e+00 -3.0543e+00 +3.7909e+00 -3.1753e+00
77 0 +2.058211950e+01 +5.022921195e+02 +5.022921195e+02 +9.0378e-01 -3.8172e+00 -1.0662e+00 +3.4611e+00 -2.6727e+00
86 0 +1.702887972e+01 +4.987388797e+02 +4.987388797e+02 +2.8944e+00 -3.5461e+00 -1.8866e+00 +1.4668e+00 -5.2372e-01
108 0 +1.337860923e+01 +4.950886092e+02 +4.950886092e+02 +2.2109e+00 -3.9782e+00 -1.8509e+00 +3.4887e+00 -8.2137e-01
146 0 +1.254074295e+01 +4.942507430e+02 +4.942507430e+02 +1.7956e+00 -1.9095e+00 -3.6467e+00 +4.2312e+00 -8.4045e-01
150 0 +1.254074295e+01 +4.942507430e+02 +4.942507430e+02 +1.7956e+00 -1.9095e+00 -3.6467e+00 +4.2312e+00 -8.4045e-01
% f evaluations | g evaluations | best noise-free fitness - Fopt (-3.646000000000e+01) + sum g_i+ | measured fitness | best measured fitness or single-digit g-values | x1 | x2...
1 0 +1.466703109e+02 +1.102103109e+02 +1.102103109e+02 -3.1128e+00 +4.1936e+00 +1.5309e-01 -1.8643e+00 -1.8729e+00
2 0 +2.994368327e+01 -6.516316727e+00 -6.516316727e+00 +8.0266e-02 -3.1031e+00 -2.2784e+00 -8.8554e-01 +3.7362e+00
13 0 +2.805383888e+01 -8.406161122e+00 -8.406161122e+00 -1.0902e+00 -4.4706e+00 -1.2006e+00 +3.8432e+00 -3.5460e+00
15 0 +1.896722051e+01 -1.749277949e+01 -1.749277949e+01 -1.2832e+00 -2.8544e+00 -1.6847e+00 +1.5122e+00 +9.2590e-01
65 0 +1.648782064e+01 -1.997217936e+01 -1.997217936e+01 -1.2276e+00 -2.9592e+00 -1.5744e+00 +1.8194e+00 +2.4997e+00
67 0 +1.509484765e+01 -2.136515235e+01 -2.136515235e+01 +5.7712e-02 -2.2019e+00 -1.6303e+00 +1.8420e+00 +2.0214e+00
83 0 +1.249298026e+01 -2.396701974e+01 -2.396701974e+01 +6.5182e-01 -2.7443e+00 -1.3196e+00 +1.8838e+00 +3.3703e+00
88 0 +1.029803139e+01 -2.616196861e+01 -2.616196861e+01 +9.2644e-01 -3.8366e+00 -1.2111e+00 +1.6423e+00 +3.2173e+00
100 0 +8.185844600e+00 -2.827415540e+01 -2.827415540e+01 +3.2925e-01 -3.5238e+00 -1.1336e+00 +1.8409e+00 +1.9281e+00
150 0 +8.185844600e+00 -2.827415540e+01 -2.827415540e+01 +3.2925e-01 -3.5238e+00 -1.1336e+00 +1.8409e+00 +1.9281e+00
% f evaluations | g evaluations | best noise-free fitness - Fopt (3.920000000000e+01) + sum g_i+ | measured fitness | best measured fitness or single-digit g-values | x1 | x2...
1 0 +1.776782404e+02 +2.168782404e+02 +2.168782404e+02 -3.8419e+00 +4.2569e+00 -3.7226e+00 -2.9597e+00 -6.8162e-02
3 0 +1.492425665e+02 +1.884425665e+02 +1.884425665e+02 -3.2441e+00 -2.0316e+00 -2.4521e+00 +4.1289e+00 +4.8016e+00
5 0 +7.109232447e+01 +1.102923245e+02 +1.102923245e+02 -2.1287e+00 +2.5003e+00 +7.6765e-01 +2.8375e+00 +2.6583e+00
10 0 +4.390779741e+01 +8.310779741e+01 +8.310779741e+01 +2.4636e+00 -6.4525e-01 -2.2211e+00 +4.0430e+00 +8.8504e-01
14 0 +2.865097007e+01 +6.785097007e+01 +6.785097007e+01 +4.1028e+00 +2.7365e+00 +1.2214e+00 +1.7978e+00 +2.9512e-01
40 0 +1.847669391e+01 +5.767669391e+01 +5.767669391e+01 +3.0515e+00 +2.0593e+00 +4.2072e+00 -7.7151e-01 +2.9460e+00
82 0 +7.244762620e+00 +4.644476262e+01 +4.644476262e+01 +2.2929e+00 +2.7819e+00 +3.1654e+00 +1.7149e+00 +2.9820e+00
150 0 +7.244762620e+00 +4.644476262e+01 +4.644476262e+01 +2.2929e+00 +2.7819e+00 +3.1654e+00 +1.7149e+00 +2.9820e+00
% f evaluations | g evaluations | best noise-free fitness - Fopt (-3.225000000000e+01) + sum g_i+ | measured fitness | best measured fitness or single-digit g-values | x1 | x2...
1 0 +2.520874265e+02 +2.198374265e+02 +2.198374265e+02 -4.9444e+00 -2.0077e+00 -3.3328e+00 -4.6602e+00 -3.6759e+00
3 0 +1.086322876e+02 +7.638228761e+01 +7.638228761e+01 -4.0471e+00 -3.4914e+00 +6.8316e-01 -1.9629e+00 +1.5160e+00
5 0 +2.376064240e+01 -8.489357600e+00 -8.489357600e+00 +3.4366e+00 -2.6417e+00 +1.4070e+00 -3.4640e+00 -1.3530e-02
11 0 +1.059655557e+01 -2.165344443e+01 -2.165344443e+01 +2.9503e+00 -4.2923e-01 -1.2694e+00 -4.1320e+00 +1.4172e+00
150 0 +1.034896192e+01 -2.190103808e+01 -2.190103808e+01 +2.7451e+00 -7.3105e-01 +7.5426e-01 -4.3487e+00 +2.1824e+00
% f evaluations | g evaluations | best noise-free fitness - Fopt (3.681200000000e+02) + sum g_i+ | measured fitness | best measured fitness or single-digit g-values | x1 | x2...
1 0 +1.382628505e+02 +5.063828505e+02 +5.063828505e+02 +4.4306e+00 +7.0628e-01 +5.0414e-01 -4.1688e+00 -3.7555e+00
3 0 +5.071544722e+01 +4.188354472e+02 +4.188354472e+02 -3.0173e+00 +3.3433e+00 +4.0698e+00 -4.4801e+00 -1.1828e+00
12 0 +2.973959475e+01 +3.978595947e+02 +3.978595947e+02 -7.8967e-01 -1.8190e+00 +3.8636e+00 -2.7894e+00 -1.1762e+00
51 0 +2.603674812e+01 +3.941567481e+02 +3.941567481e+02 -1.8127e+00 -2.1536e+00 +1.8879e+00 -3.2994e+00 -2.8491e+00
52 0 +1.432381383e+01 +3.824438138e+02 +3.824438138e+02 -1.8861e+00 -2.0482e+00 -8.9344e-01 -1.4498e+00 -1.0345e+00
150 0 +1.432381383e+01 +3.824438138e+02 +3.824438138e+02 -1.8861e+00 -2.0482e+00 -8.9344e-01 -1.4498e+00 -1.0345e+00
% f evaluations | g evaluations | best noise-free fitness - Fopt (4.739000000000e+01) + sum g_i+ | measured fitness | best measured fitness or single-digit g-values | x1 | x2...
1 0 +6.542368106e+02 +7.016268106e+02 +7.016268106e+02 -3.8012e+00 -3.1094e+00 +2.8788e+00 -2.2676e+00 +4.3927e+00
2 0 +1.195580712e+02 +1.669480712e+02 +1.669480712e+02 +3.1542e+00 +6.4081e-01 -4.4757e+00 -4.8523e+00 -7.2342e-01
3 0 +5.962669831e+01 +1.070166983e+02 +1.070166983e+02 -4.9915e-01 -9.1109e-01 -3.7427e+00 -1.4293e+00 +3.3420e+00
7 0 +5.600732479e+01 +1.033973248e+02 +1.033973248e+02 -1.5302e+00 +4.3400e+00 -8.5599e-01 +8.1305e-01 +3.1889e+00
13 0 +4.302087992e+01 +9.041087992e+01 +9.041087992e+01 +9.1971e-01 -1.1479e+00 +2.8261e+00 +2.3257e+00 +1.3620e+00
22 0 +3.602159516e+01 +8.341159516e+01 +8.341159516e+01 +1.7113e+00 +3.4151e+00 -4.0783e+00 -2.0780e+00 +1.3262e+00
24 0 +2.432447617e+01 +7.171447617e+01 +7.171447617e+01 -1.4848e+00 -9.2503e-01 -4.6241e+00 -1.8637e+00 -1.0545e+00
26 0 +2.092835546e+01 +6.831835546e+01 +6.831835546e+01 +1.8265e+00 +6.4653e-01 -6.9853e-01 +1.7825e+00 +4.7480e-01
63 0 +1.316847937e+01 +6.055847937e+01 +6.055847937e+01 +1.4481e+00 +1.1341e+00 -1.4396e-01 +1.6409e+00 +9.9957e-01
73 0 +1.052888065e+01 +5.791888065e+01 +5.791888065e+01 -3.2033e-01 +7.9278e-01 +2.5066e-01 +1.2221e+00 +1.0985e+00
150 0 +1.052888065e+01 +5.791888065e+01 +5.791888065e+01 -3.2033e-01 +7.9278e-01 +2.5066e-01 +1.2221e+00 +1.0985e+00
% f evaluations | g evaluations | best noise-free fitness - Fopt (-3.428900000000e+02) + sum g_i+ | measured fitness | best measured fitness or single-digit g-values | x1 | x2...
1 0 +1.367516840e+02 -2.061383160e+02 -2.061383160e+02 -3.3271e+00 -4.9341e+00 +1.6392e+00 +2.5471e+00 +3.5343e+00
3 0 +1.275935158e+02 -2.152964842e+02 -2.152964842e+02 +4.5960e+00 -3.7274e+00 -3.0263e+00 +3.4523e+00 +4.6693e+00
4 0 +4.739641291e+01 -2.954935871e+02 -2.954935871e+02 +4.8676e-01 -2.4602e+00 +2.5716e-01 +2.2150e+00 +2.7815e+00
14 0 +3.877741218e+01 -3.041125878e+02 -3.041125878e+02 +2.8103e+00 -1.4336e+00 +2.4729e+00 -3.1235e+00 -2.4069e+00
57 0 +2.900574648e+01 -3.138842535e+02 -3.138842535e+02 +4.3861e+00 -1.8641e+00 +7.0825e-01 -3.0929e+00 -1.6700e+00
59 0 +2.361012702e+01 -3.192798730e+02 -3.192798730e+02 +3.5704e+00 -1.8348e+00 +5.6472e-01 -6.1204e-01 -1.2036e+00
85 0 +2.009106675e+01 -3.227989332e+02 -3.227989332e+02 +1.5876e+00 -3.9709e+00 -9.8513e-01 +2.5460e-01 -9.9912e-01
107 0 +1.854796011e+01 -3.243420399e+02 -3.243420399e+02 +2.5884e+00 -2.1390e+00 +1.2130e+00 -2.7622e+00 -1.5043e+00
150 0 +1.854796011e+01 -3.243420399e+02 -3.243420399e+02 +2.5884e+00 -2.1390e+00 +1.2130e+00 -2.7622e+00 -1.5043e+00
% f evaluations | g evaluations | best noise-free fitness - Fopt (9.102000000000e+01) + sum g_i+ | measured fitness | best measured fitness or single-digit g-values | x1 | x2...
1 0 +9.883997669e+01 +1.898599767e+02 +1.898599767e+02 +4.5536e+00 +4.8590e+00 +1.3968e+00 +3.1650e+00 +2.9301e+00
4 0 +1.814070638e+01 +1.091607064e+02 +1.091607064e+02 +3.4142e+00 -1.1414e+00 +2.3602e+00 -8.0981e-01 -1.7705e+00
55 0 +1.465375410e+01 +1.056737541e+02 +1.056737541e+02 +1.3370e+00 -1.5836e+00 +4.6559e+00 +2.0863e-01 -2.8918e+00
136 0 +1.377770976e+01 +1.047977098e+02 +1.047977098e+02 +1.4010e+00 -1.1804e+00 +4.3223e+00 +8.3878e-02 -3.2891e+00
150 0 +7.264492849e+00 +9.828449285e+01 +9.828449285e+01 +1.5518e+00 -9.1607e-01 +3.3675e+00 -2.1651e+00 -1.8936e+00
% f evaluations | g evaluations | best noise-free fitness - Fopt (7.324200000000e+02) + sum g_i+ | measured fitness | best measured fitness or single-digit g-values | x1 | x2...
1 0 +4.689033616e+02 +1.201323362e+03 +1.201323362e+03 +1.0417e+00 +3.9010e+00 +4.1363e-01 -1.5634e+00 +4.0349e+00
2 0 +4.305488481e+01 +7.754748848e+02 +7.754748848e+02 -3.3191e+00 +2.7668e+00 +3.5883e+00 +4.9573e+00 +1.5988e+00
4 0 +2.299621554e+01 +7.554162155e+02 +7.554162155e+02 -3.5700e+00 -1.7524e-01 +2.5885e+00 +5.7197e-01 -3.7009e+00
52 0 +2.010900202e+01 +7.525290020e+02 +7.525290020e+02 -3.5794e+00 -3.1241e-01 +2.7846e+00 -1.3354e+00 -2.7196e+00
54 0 +1.499268915e+01 +7.474126891e+02 +7.474126891e+02 -3.5793e+00 -2.8822e-01 +2.7873e+00 -7.5469e-01 -3.0387e+00
92 0 +1.184985861e+01 +7.442698586e+02 +7.442698586e+02 -3.5656e+00 -1.5859e-01 +2.5682e+00 -7.9977e-01 -3.0203e+00
150 0 +1.184985861e+01 +7.442698586e+02 +7.442698586e+02 -3.5656e+00 -1.5859e-01 +2.5682e+00 -7.9977e-01 -3.0203e+00
% f evaluations | g evaluations | best noise-free fitness - Fopt (3.542000000000e+01) + sum g_i+ | measured fitness | best measured fitness or single-digit g-values | x1 | x2...
1 0 +1.923256835e+03 +1.958676835e+03 +1.958676835e+03 -4.7080e+00 -4.0237e+00 +3.4722e+00 -3.6109e+00 +1.3465e+00
2 0 +6.725004543e+01 +1.026700454e+02 +1.026700454e+02 +3.0911e+00 +2.9383e+00 -2.7934e+00 +9.1481e-01 -4.6587e+00
3 0 +3.683606798e+01 +7.225606798e+01 +7.225606798e+01 +2.8501e+00 +3.4356e+00 -4.6291e+00 +4.3139e+00 -4.4090e+00
8 0 +3.372410716e+01 +6.914410716e+01 +6.914410716e+01 +2.6598e+00 -1.2639e+00 -3.5911e+00 +9.8810e-01 +3.1792e+00
15 0 +2.800328967e+01 +6.342328967e+01 +6.342328967e+01 +2.7011e+00 +2.0695e+00 -2.7949e+00 -2.2368e-01 +3.5195e+00
90 0 +1.131224770e+01 +4.673224770e+01 +4.673224770e+01 +4.0925e+00 -1.1747e+00 -3.2205e+00 +1.5138e+00 +4.8492e-02
150 0 +1.131224770e+01 +4.673224770e+01 +4.673224770e+01 +4.0925e+00 -1.1747e+00 -3.2205e+00 +1.5138e+00 +4.8492e-02
