% f evaluations | g evaluations | best noise-free fitness - Fopt (-4.620900000000e+02) + sum g_i+ | measured fitness | best measured fitness or single-digit g-values | x1 | x2...
1 0 +4.596242079e+03 +4.134152079e+03 +4.134152079e+03
4 0 +3.667358335e+03 +3.205268335e+03 +3.205268335e+03
7 0 +2.695428326e+03 +2.233338326e+03 +2.233338326e+03
19 0 +2.400410248e+03 +1.938320248e+03 +1.938320248e+03
70 0 +1.502335676e+03 +1.040245676e+03 +1.040245676e+03
85 0 +1.333639504e+03 +8.715495041e+02 +8.715495041e+02
227 0 +1.239544495e+03 +7.774544945e+02 +7.774544945e+02
448 0 +1.084266897e+03 +6.221768974e+02 +6.221768974e+02
543 0 +9.609233881e+02 +4.988333881e+02 +4.988333881e+02
709 0 +8.825161194e+02 +4.204261194e+02 +4.204261194e+02
830 0 +7.925686821e+02 +3.304786821e+02 +3.304786821e+02
850 0 +7.925686821e+02 +3.304786821e+02 +3.304786821e+02
% f evaluations | g evaluations | best noise-free fitness - Fopt (7.766000000000e+01) + sum g_i+ | measured fitness | best measured fitness or single-digit g-values | x1 | x2...
1 0 +5.929175549e+03 +6.006835549e+03 +6.006835549e+03
2 0 +5.724086082e+03 +5.801746082e+03 +5.801746082e+03
3 0 +5.375622222e+03 +5.453282222e+03 +5.453282222e+03
6 0 +2.570495433e+03 +2.648155433e+03 +2.648155433e+03
24 0 +2.132852837e+03 +2.210512837e+03 +2.210512837e+03
57 0 +1.853669517e+03 +1.931329517e+03 +1.931329517e+03
74 0 +1.509206713e+03 +1.586866713e+03 +1.586866713e+03
87 0 +1.308124552e+03 +1.385784552e+03 +1.385784552e+03
107 0 +1.237922045e+03 +1.315582045e+03 +1.315582045e+03
316 0 +1.091337886e+03 +1.168997886e+03 +1.168997886e+03
539 0 +9.709633434e+02 +1.048623343e+03 +1.048623343e+03
729 0 +8.846994456e+02 +9.623594456e+02 +9.623594456e+02
842 0 +7.521755006e+02 +8.298355006e+02 +8.298355006e+02
850 0 +7.521755006e+02 +8.298355006e+02 +8.298355006e+02
% f evaluations | g evaluations | best noise-free fitness - Fopt (1.156800000000e+02) + sum g_i+ | measured fitness | best measured fitness or single-digit g-values | x1 | x2...
1 0 +5.322963383e+03 +5.438643383e+03 +5.438643383e+03
4 0 +2.771864497e+03 +2.887544497e+03 +2.887544497e+03
27 0 +2.088987406e+03 +2.204667406e+03 +2.204667406e+03
51 0 +1.586336342e+03 +1.702016342e+03 +1.702016342e+03
53 0 +1.395206509e+03 +1.510886509e+03 +1.510886509e+03
67 0 +1.072753677e+03 +1.188433677e+03 +1.188433677e+03
258 0 +8.530948088e+02 +9.687748088e+02 +9.687748088e+02
272 0 +7.711079801e+02 +8.867879801e+02 +8.867879801e+02
415 0 +6.741598455e+02 +7.898398455e+02 +7.898398455e+02
646 0 +6.157959409e+02 +7.314759409e+02 +7.314759409e+02
850 0 +5.740691868e+02 +6.897491868e+02 +6.897491868e+02
% f evaluations | g evaluations | best noise-free fitness - Fopt (-3.710000000000e+00) + sum g_i+ | measured fitness | best measured fitness or single-digit g-values | x1 | x2...
1 0 +3.628742765e+03 +3.625032765e+03 +3.625032765e+03
3 0 +3.134949194e+03 +3.131239194e+03 +3.131239194e+03
6 0 +2.604478696e+03 +2.600768696e+03 +2.600768696e+03
15 0 +2.284861162e+03 +2.281151162e+03 +2.281151162e+03
26 0 +2.162635009e+03 +2.158925009e+03 +2.158925009e+03
56 0 +1.779685334e+03 +1.775975334e+03 +1.775975334e+03
57 0 +1.624393426e+03 +1.620683426e+03 +1.620683426e+03
58 0 +1.426888344e+03 +1.423178344e+03 +1.423178344e+03
74 0 +1.347910345e+03 +1.344200345e+03 +1.344200345e+03
301 0 +1.089948001e+03 +1.086238001e+03 +1.086238001e+03
465 0 +9.720385985e+02 +9.683285985e+02 +9.683285985e+02
490 0 +8.620146385e+02 +8.583046385e+02 +8.583046385e+02
850 0 +8.003994960e+02 +7.966894960e+02 +7.966894960e+02
% f evaluations | g evaluations | best noise-free fitness - Fopt (1.321800000000e+02) + sum g_i+ | measured fitness | best measured fitness or single-digit g-values | x1 | x2...
1 0 +1.172756982e+04 +1.185974982e+04 +1.185974982e+04
2 0 +7.118075218e+03 +7.250255218e+03 +7.250255218e+03
3 0 +6.294454892e+03 +6.426634892e+03 +6.426634892e+03
4 0 +3.002191416e+03 +3.134371416e+03 +3.134371416e+03
58 0 +2.805308931e+03 +2.937488931e+03 +2.937488931e+03
75 0 +2.428677808e+03 +2.560857808e+03 +2.560857808e+03
78 0 +1.845907116e+03 +1.978087116e+03 +1.978087116e+03
79 0 +1.738004201e+03 +1.870184201e+03 +1.870184201e+03
229 0 +1.498337821e+03 +1.630517821e+03 +1.630517821e+03
231 0 +1.336326526e+03 +1.468506526e+03 +1.468506526e+03
279 0 +1.210832482e+03 +1.343012482e+03 +1.343012482e+03
439 0 +1.069087706e+03 +1.201267706e+03 +1.201267706e+03
658 0 +9.344870704e+02 +1.066667070e+03 +1.066667070e+03
850 0 +9.028338387e+02 +1.035013839e+03 +1.035013839e+03
% f evaluations | g evaluations | best noise-free fitness - Fopt (-3.930000000000e+01) + sum g_i+ | measured fitness | best measured fitness or single-digit g-values | x1 | x2...
1 0 +3.168138881e+03 +3.128838881e+03 +3.128838881e+03
7 0 +2.844851292e+03 +2.805551292e+03 +2.805551292e+03
9 0 +2.207792649e+03 +2.168492649e+03 +2.168492649e+03
51 0 +1.830207882e+03 +1.790907882e+03 +1.790907882e+03
52 0 +1.622791319e+03 +1.583491319e+03 +1.583491319e+03
66 0 +1.552914152e+03 +1.513614152e+03 +1.513614152e+03
87 0 +1.014898450e+03 +9.755984496e+02 +9.755984496e+02
194 0 +9.787218196e+02 +9.394218196e+02 +9.394218196e+02
371 0 +8.832867322e+02 +8.439867322e+02 +8.439867322e+02
731 0 +7.731146626e+02 +7.338146626e+02 +7.338146626e+02
850 0 +7.425934654e+02 +7.032934654e+02 +7.032934654e+02
% f evaluations | g evaluations | best noise-free fitness - Fopt (4.296000000000e+01) + sum g_i+ | measured fitness | best measured fitness or single-digit g-values | x1 | x2...
1 0 +2.916239709e+03 +2.959199709e+03 +2.959199709e+03
5 0 +2.601599718e+03 +2.644559718e+03 +2.644559718e+03
7 0 +2.174985673e+03 +2.217945673e+03 +2.217945673e+03
56 0 +1.590307522e+03 +1.633267522e+03 +1.633267522e+03
72 0 +1.554273419e+03 +1.597233419e+03 +1.597233419e+03
194 0 +1.408265711e+03 +1.451225711e+03 +1.451225711e+03
221 0 +1.198275210e+03 +1.241235210e+03 +1.241235210e+03
416 0 +1.061663966e+03 +1.104623966e+03 +1.104623966e+03
417 0 +9.558246918e+02 +9.987846918e+02 +9.987846918e+02
647 0 +8.832745747e+02 +9.262345747e+02 +9.262345747e+02
850 0 +8.356520962e+02 +8.786120962e+02 +8.786120962e+02
% f evaluations | g evaluations | best noise-free fitness - Fopt (2.842200000000e+02) + sum g_i+ | measured fitness | best measured fitness or single-digit g-values | x1 | x2...
1 0 +4.888844403e+03 +5.173064403e+03 +5.173064403e+03
2 0 +2.759889063e+03 +3.044109063e+03 +3.044109063e+03
15 0 +1.497506316e+03 +1.781726316e+03 +1.781726316e+03
205 0 +1.383174840e+03 +1.667394840e+03 +1.667394840e+03
213 0 +1.257268744e+03 +1.541488744e+03 +1.541488744e+03
384 0 +1.109252609e+03 +1.393472609e+03 +1.393472609e+03
485 0 +9.292340642e+02 +1.213454064e+03 +1.213454064e+03
550 0 +8.646760868e+02 +1.148896087e+03 +1.148896087e+03
656 0 +7.255742768e+02 +1.009794277e+03 +1.009794277e+03
692 0 +6.905599772e+02 +9.747799772e+02 +9.747799772e+02
850 0 +6.579641305e+02 +9.421841305e+02 +9.421841305e+02
% f evaluations | g evaluations | best noise-free fitness - Fopt (-3.217000000000e+01) + sum g_i+ | measured fitness | best measured fitness or single-digit g-values | x1 | x2...
1 0 +3.548265354e+03 +3.516095354e+03 +3.516095354e+03
3 0 +3.282059600e+03 +3.249889600e+03 +3.249889600e+03
6 0 +2.944146827e+03 +2.911976827e+03 +2.911976827e+03
7 0 +2.650051718e+03 +2.617881718e+03 +2.617881718e+03
8 0 +2.296475668e+03 +2.264305668e+03 +2.264305668e+03
16 0 +2.204316363e+03 +2.172146363e+03 +2.172146363e+03
19 0 +1.953735890e+03 +1.921565890e+03 +1.921565890e+03
58 0 +1.641658810e+03 +1.609488810e+03 +1.609488810e+03
62 0 +1.451167936e+03 +1.418997936e+03 +1.418997936e+03
69 0 +1.386727941e+03 +1.354557941e+03 +1.354557941e+03
98 0 +1.145210691e+03 +1.113040691e+03 +1.113040691e+03
205 0 +1.113853433e+03 +1.081683433e+03 +1.081683433e+03
339 0 +9.914938976e+02 +9.593238976e+02 +9.593238976e+02
647 0 +8.837185990e+02 +8.515485990e+02 +8.515485990e+02
712 0 +7.559830475e+02 +7.238130475e+02 +7.238130475e+02
850 0 +7.559830475e+02 +7.238130475e+02 +7.238130475e+02
% f evaluations | g evaluations | best noise-free fitness - Fopt (-5.858000000000e+01) + sum g_i+ | measured fitness | best measured fitness or single-digit g-values | x1 | x2...
1 0 +3.571099640e+03 +3.512519640e+03 +3.512519640e+03
2 0 +2.999940217e+03 +2.941360217e+03 +2.941360217e+03
8 0 +2.153669435e+03 +2.095089435e+03 +2.095089435e+03
53 0 +1.682904978e+03 +1.624324978e+03 +1.624324978e+03
56 0 +1.425775359e+03 +1.367195359e+03 +1.367195359e+03
78 0 +1.136580354e+03 +1.078000354e+03 +1.078000354e+03
93 0 +1.082587746e+03 +1.024007746e+03 +1.024007746e+03
144 0 +8.357947538e+02 +7.772147538e+02 +7.772147538e+02
327 0 +7.866231015e+02 +7.280431015e+02 +7.280431015e+02
661 0 +6.963002245e+02 +6.377202245e+02 +6.377202245e+02
850 0 +6.594847584e+02 +6.009047584e+02 +6.009047584e+02
% f evaluations | g evaluations | best noise-free fitness - Fopt (-6.049200000000e+02) + sum g_i+ | measured fitness | best measured fitness or single-digit g-values | x1 | x2...
1 0 +5.432480948e+03 +4.827560948e+03 +4.827560948e+03
3 0 +4.495991163e+03 +3.891071163e+03 +3.891071163e+03
6 0 +3.337570181e+03 +2.732650181e+03 +2.732650181e+03
28 0 +2.880525451e+03 +2.275605451e+03 +2.275605451e+03
32 0 +2.561715860e+03 +1.956795860e+03 +1.956795860e+03
57 0 +2.354514795e+03 +1.749594795e+03 +1.749594795e+03
69 0 +2.035856833e+03 +1.430936833e+03 +1.430936833e+03
80 0 +1.721185442e+03 +1.116265442e+03 +1.116265442e+03
83 0 +1.465876816e+03 +8.609568158e+02 +8.609568158e+02
189 0 +1.391930033e+03 +7.870100330e+02 +7.870100330e+02
291 0 +1.223129724e+03 +6.182097241e+02 +6.182097241e+02
306 0 +1.110173716e+03 +5.052537155e+02 +5.052537155e+02
308 0 +9.693217865e+02 +3.644017865e+02 +3.644017865e+02
452 0 +8.326780477e+02 +2.277580477e+02 +2.277580477e+02
572 0 +7.419951660e+02 +1.370751660e+02 +1.370751660e+02
751 0 +6.889900010e+02 +8.407000105e+01 +8.407000105e+01
850 0 +6.889900010e+02 +8.407000105e+01 +8.407000105e+01
% f evaluations | g evaluations | best noise-free fitness - Fopt (1.337000000000e+02) + sum g_i+ | measured fitness | best measured fitness or single-digit g-values | x1 | x2...
1 0 +9.856884727e+03 +9.990584727e+03 +9.990584727e+03
2 0 +7.272855523e+03 +7.406555523e+03 +7.406555523e+03
5 0 +6.049328377e+03 +6.183028377e+03 +6.183028377e+03
6 0 +5.213415825e+03 +5.347115825e+03 +5.347115825e+03
14 0 +4.514002990e+03 +4.647702990e+03 +4.647702990e+03
22 0 +3.962217806e+03 +4.095917806e+03 +4.095917806e+03
51 0 +3.464346650e+03 +3.598046650e+03 +3.598046650e+03
55 0 +1.528583810e+03 +1.662283810e+03 +1.662283810e+03
104 0 +1.371903152e+03 +1.505603152e+03 +1.505603152e+03
132 0 +1.105678809e+03 +1.239378809e+03 +1.239378809e+03
307 0 +9.853819264e+02 +1.119081926e+03 +1.119081926e+03
345 0 +8.579067898e+02 +9.916067898e+02 +9.916067898e+02
507 0 +7.850293150e+02 +9.187293150e+02 +9.187293150e+02
785 0 +7.010388691e+02 +8.347388691e+02 +8.347388691e+02
850 0 +7.010388691e+02 +8.347388691e+02 +8.347388691e+02
% f evaluations | g evaluations | best noise-free fitness - Fopt (-2.098000000000e+01) + sum g_i+ | measured fitness | best measured fitness or single-digit g-values | x1 | x2...
1 0 +5.692948398e+03 +5.671968398e+03 +5.671968398e+03
2 0 +4.043517464e+03 +4.022537464e+03 +4.022537464e+03
8 0 +3.358820325e+03 +3.337840325e+03 +3.337840325e+03
11 0 +2.696328523e+03 +2.675348523e+03 +2.675348523e+03
48 0 +2.367937471e+03 +2.346957471e+03 +2.346957471e+03
58 0 +1.881027264e+03 +1.860047264e+03 +1.860047264e+03
66 0 +1.582849684e+03 +1.561869684e+03 +1.561869684e+03
231 0 +1.182118323e+03 +1.161138323e+03 +1.161138323e+03
240 0 +9.709965863e+02 +9.500165863e+02 +9.500165863e+02
297 0 +8.821136089e+02 +8.611336089e+02 +8.611336089e+02
662 0 +7.938731074e+02 +7.728931074e+02 +7.728931074e+02
850 0 +7.141807867e+02 +6.932007867e+02 +6.932007867e+02
% f evaluations | g evaluations | best noise-free fitness - Fopt (1.353300000000e+02) + sum g_i+ | measured fitness | best measured fitness or single-digit g-values | x1 | x2...
1 0 +4.806886940e+03 +4.942216940e+03 +4.942216940e+03
4 0 +3.888207373e+03 +4.023537373e+03 +4.023537373e+03
10 0 +3.214789072e+03 +3.350119072e+03 +3.350119072e+03
13 0 +1.987067613e+03 +2.122397613e+03 +2.122397613e+03
71 0 +1.769214475e+03 +1.904544475e+03 +1.904544475e+03
170 0 +1.540835219e+03 +1.676165219e+03 +1.676165219e+03
291 0 +1.313220444e+03 +1.448550444e+03 +1.448550444e+03
549 0 +1.250623845e+03 +1.385953845e+03 +1.385953845e+03
581 0 +1.117629888e+03 +1.252959888e+03 +1.252959888e+03
850 0 +1.043542567e+03 +1.178872567e+03 +1.178872567e+03
% f evaluations | g evaluations | best noise-free fitness - Fopt (4.066000000000e+01) + sum g_i+ | measured fitness | best measured fitness or single-digit g-values | x1 | x2...
1 0 +2.232101044e+03 +2.272761044e+03 +2.272761044e+03
16 0 +2.229192054e+03 +2.269852054e+03 +2.269852054e+03
51 0 +1.911309863e+03 +1.951969863e+03 +1.951969863e+03
58 0 +1.381418217e+03 +1.422078217e+03 +1.422078217e+03
216 0 +1.203793191e+03 +1.244453191e+03 +1.244453191e+03
401 0 +1.115705202e+03 +1.156365202e+03 +1.156365202e+03
501 0 +8.658013881e+02 +9.064613881e+02 +9.064613881e+02
580 0 +7.510256860e+02 +7.916856860e+02 +7.916856860e+02
689 0 +6.647666638e+02 +7.054266638e+02 +7.054266638e+02
702 0 +6.284247578e+02 +6.690847578e+02 +6.690847578e+02
850 0 +6.284247578e+02 +6.690847578e+02 +6.690847578e+02
