% f evaluations | g evaluations | best noise-free fitness - Fopt (-1.025500000000e+02) + sum g_i+ | measured fitness | best measured fitness or single-digit g-values | x1 | x2...
1 0 +2.016832100e+02 +9.913321000e+01 +9.913321000e+01 +4.4701e+00 -4.1283e+00 -8.3171e-02 -4.5867e+00 -3.5476e+00
2 0 +1.213073728e+02 +1.875737277e+01 +1.875737277e+01 +3.2135e+00 -3.2566e+00 -5.1027e-01 -1.3772e+00 -4.2111e+00
3 0 +3.799723906e+01 -6.455276094e+01 -6.455276094e+01 -4.6737e+00 -3.7000e+00 -3.4910e+00 +1.5727e-01 +2.2628e+00
4 0 +2.310134892e+01 -7.944865108e+01 -7.944865108e+01 +2.2428e+00 -3.3774e+00 -4.3285e+00 +4.1917e+00 -2.7241e-01
6 0 +1.965264691e+01 -8.289735309e+01 -8.289735309e+01 +1.3534e+00 +4.5569e+00 -8.6515e-01 -4.5217e+00 +7.5922e-01
7 0 +8.182712975e+00 -9.436728702e+01 -9.436728702e+01 -1.1224e+00 +6.1166e-01 -6.9052e-02 -1.2957e+00 +1.7724e+00
66 0 +4.015553624e+00 -9.853444638e+01 -9.853444638e+01 -1.3074e+00 +1.1944e+00 -7.7641e-01 -1.0113e+00 +2.6926e+00
150 0 +4.015553624e+00 -9.853444638e+01 -9.853444638e+01 -1.3074e+00 +1.1944e+00 -7.7641e-01 -1.0113e+00 +2.6926e+00
% f evaluations | g evaluations | best noise-free fitness - Fopt (7.169000000000e+01) + sum g_i+ | measured fitness | best measured fitness or single-digit g-values | x1 | x2...
1 0 +3.472800790e+01 +1.064180079e+02 +1.064180079e+02 -2.1443e-01 -2.4823e+00 +4.6663e+00 +4.8549e-01 -2.5296e+00
2 0 +2.484794457e+01 +9.653794457e+01 +9.653794457e+01 +1.4741e+00 -3.3550e+00 -2.1104e+00 -2.3196e+00 +1.3372e-01
5 0 +1.979767953e+01 +9.148767953e+01 +9.148767953e+01 +1.3485e+00 -3.7697e+00 +4.7518e-01 -3.0807e-01 +4.2426e+00
7 0 +9.601081830e+00 +8.129108183e+01 +8.129108183e+01 +2.1953e-01 +1.2017e+00 +2.6882e+00 -1.2698e+00 +1.1534e-01
14 0 +7.655157095e+00 +7.934515709e+01 +7.934515709e+01 -1.8471e+00 -3.2178e-02 -6.8762e-01 -4.5505e+00 +1.9230e+00
99 0 +5.467506603e+00 +7.715750660e+01 +7.715750660e+01 +1.3320e+00 -5.1742e-01 -2.3275e-01 -2.6648e+00 +1.9291e+00
150 0 +5.467506603e+00 +7.715750660e+01 +7.715750660e+01 +1.3320e+00 -5.1742e-01 -2.3275e-01 -2.6648e+00 +1.9291e+00
% f evaluations | g evaluations | best noise-free fitness - Fopt (2.140100000000e+02) + sum g_i+ | measured fitness | best measured fitness or single-digit g-values | x1 | x2...
1 0 +1.773327031e+01 +2.317432703e+02 +2.317432703e+02 +9.2041e-01 -4.5808e+00 -2.9670e+00 -2.5504e+00 -1.1498e+00
6 0 +1.553281046e+01 +2.295428105e+02 +2.295428105e+02 +1.0745e-02 -3.5169e+00 -2.3847e+00 -1.0313e+00 -3.1967e+00
10 0 +1.217223327e+01 +2.261822333e+02 +2.261822333e+02 -1.2746e+00 +1.1366e+00 +1.2883e+00 -2.8120e+00 -5.0574e-01
31 0 +9.552176679e+00 +2.235621767e+02 +2.235621767e+02 +3.6053e-01 -7.1409e-01 +2.1256e+00 +1.1966e+00 +5.9539e-01
52 0 +8.372244869e+00 +2.223822449e+02 +2.223822449e+02 -2.1466e-01 -8.1286e-01 +3.6079e+00 +9.1567e-01 +1.2446e+00
75 0 +7.903265279e+00 +2.219132653e+02 +2.219132653e+02 +4.8510e-01 -9.7700e-01 +3.4155e+00 +8.0428e-01 +2.2233e-01
85 0 +5.734710280e+00 +2.197447103e+02 +2.197447103e+02 -3.4564e-01 +5.3610e-01 -1.0447e+00 +8.9820e-01 -1.0837e-01
109 0 +5.355091260e+00 +2.193650913e+02 +2.193650913e+02 +1.4938e-01 -1.7953e-01 +5.0000e+00 +7.2479e-01 +6.7566e-02
120 0 +3.455505791e+00 +2.174655058e+02 +2.174655058e+02 -8.8573e-02 +7.4913e-01 +5.0000e+00 -1.1581e+00 +7.7886e-01
150 0 +3.455505791e+00 +2.174655058e+02 +2.174655058e+02 -8.8573e-02 +7.4913e-01 +5.0000e+00 -1.1581e+00 +7.7886e-01
% f evaluations | g evaluations | best noise-free fitness - Fopt (-5.848000000000e+01) + sum g_i+ | measured fitness | best measured fitness or single-digit g-values | x1 | x2...
1 0 +4.426831662e+01 -1.421168338e+01 -1.421168338e+01 -4.1939e+00 +4.1218e+00 -3.3567e+00 -4.7119e+00 +2.7686e+00
3 0 +2.373687933e+01 -3.474312067e+01 -3.474312067e+01 +4.4867e+00 -1.3415e+00 -1.9099e+00 -2.8232e+00 -6.7116e-01
4 0 +1.660955471e+01 -4.187044529e+01 -4.187044529e+01 -7.2579e-01 -3.9387e+00 -1.3181e+00 +1.6623e+00 -1.5231e+00
16 0 +1.446391406e+01 -4.401608594e+01 -4.401608594e+01 +2.6015e+00 -2.1160e+00 +1.0904e+00 -1.2102e+00 -4.7186e+00
17 0 +8.649494455e+00 -4.983050554e+01 -4.983050554e+01 +1.4945e+00 +2.3442e+00 -4.0001e-01 +2.1609e-01 +1.7409e+00
70 0 +7.449800147e+00 -5.103019985e+01 -5.103019985e+01 +1.8824e+00 +2.2943e+00 -4.0309e-01 -3.8557e-01 +1.4391e+00
84 0 +4.115522528e+00 -5.436447747e+01 -5.436447747e+01 -7.7112e-01 -7.9598e-01 +2.3148e-01 +1.7051e+00 -1.9757e+00
150 0 +4.115522528e+00 -5.436447747e+01 -5.436447747e+01 -7.7112e-01 -7.9598e-01 +2.3148e-01 +1.7051e+00 -1.9757e+00
% f evaluations | g evaluations | best noise-free fitness - Fopt (-6.130800000000e+02) + sum g_i+ | measured fitness | best measured fitness or single-digit g-values | x1 | x2...
1 0 +3.507062077e+01 -5.780093792e+02 -5.780093792e+02 +4.4384e+00 +1.2012e+00 +3.4831e-01 -3.8669e+00 -2.3180e+00
6 0 +1.493033216e+01 -5.981496678e+02 -5.981496678e+02 +3.9389e-01 -1.5566e+00 +6.8955e-01 +2.2905e+00 +4.5473e-01
15 0 +8.895590830e+00 -6.041844092e+02 -6.041844092e+02 -5.1858e-01 +4.3000e+00 -1.2620e+00 -8.0746e-01 -2.9975e+00
122 0 +6.499208206e+00 -6.065807918e+02 -6.065807918e+02 -6.6742e-01 +5.0000e+00 +1.8710e-01 -2.3690e+00 -2.8828e+00
150 0 +6.499208206e+00 -6.065807918e+02 -6.065807918e+02 -6.6742e-01 +5.0000e+00 +1.8710e-01 -2.3690e+00 -2.8828e+00
% f evaluations | g evaluations | best noise-free fitness - Fopt (6.189000000000e+01) + sum g_i+ | measured fitness | best measured fitness or single-digit g-values | x1 | x2...
1 0 +1.581528018e+01 +7.770528018e+01 +7.770528018e+01 +1.0165e+00 +5.1522e-02 +3.3871e+00 +8.4806e-02 +1.0954e+00
5 0 +1.576482915e+01 +7.765482915e+01 +7.765482915e+01 -2.7591e+00 -2.3113e+00 -1.7649e+00 +4.3391e+00 +1.8606e+00
30 0 +1.242293428e+01 +7.431293428e+01 +7.431293428e+01 -3.2882e+00 -3.8062e+00 -1.0239e+00 +4.3108e-01 +3.4317e-01
51 0 +1.053707401e+01 +7.242707401e+01 +7.242707401e+01 -2.7268e+00 -2.2058e+00 +1.3669e+00 +2.8839e-01 +7.4664e-01
52 0 +8.949325870e+00 +7.083932587e+01 +7.083932587e+01 -2.7029e+00 -1.6570e+00 -1.5439e+00 -1.4677e+00 +1.1142e+00
65 0 +8.683664849e+00 +7.057366485e+01 +7.057366485e+01 -1.4063e+00 -1.4747e+00 +1.4759e+00 +2.6764e+00 -7.0097e-01
76 0 +7.190389666e+00 +6.908038967e+01 +6.908038967e+01 -3.2109e+00 -1.1949e+00 -1.2949e+00 +3.0723e+00 -4.9085e-01
80 0 +4.069749578e+00 +6.595974958e+01 +6.595974958e+01 -3.2055e+00 -3.6116e+00 -1.2034e+00 +2.2607e+00 -4.3943e-01
133 0 +2.178983534e+00 +6.406898353e+01 +6.406898353e+01 -3.4511e+00 -5.0000e+00 -3.0391e+00 +3.3023e+00 -1.3905e+00
150 0 +2.178983534e+00 +6.406898353e+01 +6.406898353e+01 -3.4511e+00 -5.0000e+00 -3.0391e+00 +3.3023e+00 -1.3905e+00
% f evaluations | g evaluations | best noise-free fitness - Fopt (-8.456000000000e+01) + sum g_i+ | measured fitness | best measured fitness or single-digit g-values | x1 | x2...
1 0 +2.922327461e+01 -5.533672539e+01 -5.533672539e+01 -1.8932e+00 +4.6682e+00 -2.5556e+00 +1.0040e+00 -1.7175e-01
2 0 +2.305130945e+01 -6.150869055e+01 -6.150869055e+01 +1.9511e+00 -2.1551e+00 -3.3586e+00 -5.0222e-02 -2.6978e+00
4 0 +1.218325412e+01 -7.237674588e+01 -7.237674588e+01 +2.4413e+00 -1.7883e+00 -3.6113e+00 +6.7207e-01 +1.2683e-01
51 0 +1.028537596e+01 -7.427462404e+01 -7.427462404e+01 -1.4911e-01 +2.8771e+00 -2.8173e+00 +7.1180e-01 -8.3454e-02
52 0 +9.678360739e+00 -7.488163926e+01 -7.488163926e+01 -5.4207e-01 +2.3530e+00 -2.6657e+00 +9.5244e-01 -2.6638e-02
54 0 +8.494760979e+00 -7.606523902e+01 -7.606523902e+01 -1.3649e+00 +1.6181e+00 -2.6794e+00 +1.0186e+00 -6.1151e-02
72 0 +3.536048224e+00 -8.102395178e+01 -8.102395178e+01 -1.9063e-02 +8.0734e-01 -2.2281e+00 +1.6675e+00 +1.5209e-01
150 0 +3.536048224e+00 -8.102395178e+01 -8.102395178e+01 -1.9063e-02 +8.0734e-01 -2.2281e+00 +1.6675e+00 +1.5209e-01
% f evaluations | g evaluations | best noise-free fitness - Fopt (-2.602000000000e+01) + sum g_i+ | measured fitness | best measured fitness or single-digit g-values | x1 | x2...
1 0 +7.681350905e+01 +5.079350905e+01 +5.079350905e+01 +2.1830e+00 +2.9981e+00 -1.7624e+00 +4.2875e+00 -2.1421e+00
3 0 +2.265628660e+01 -3.363713398e+00 -3.363713398e+00 +3.6500e+00 -1.3085e+00 +4.0079e+00 +2.0084e+00 +5.2824e-01
4 0 +1.685941224e+01 -9.160587761e+00 -9.160587761e+00 +3.2093e-01 -4.9162e+00 -1.4764e+00 +1.0279e+00 +3.5964e-01
6 0 +1.435270024e+01 -1.166729976e+01 -1.166729976e+01 -8.0640e-01 +1.5663e+00 +7.4987e-01 +9.1071e-01 +2.9798e+00
11 0 +9.564126745e+00 -1.645587325e+01 -1.645587325e+01 -3.4146e-01 -3.7795e-02 +1.8125e+00 +2.2741e+00 +3.3941e+00
50 0 +6.765643318e+00 -1.925435668e+01 -1.925435668e+01 -2.8163e+00 -2.0109e+00 -2.2158e+00 +4.7698e-01 -1.7005e+00
67 0 +4.829102555e+00 -2.119089745e+01 -2.119089745e+01 -2.1183e+00 -2.0353e+00 -2.2165e+00 +3.8719e-01 -2.3798e+00
150 0 +4.827899839e+00 -2.119210016e+01 -2.119210016e+01 -1.7340e+00 -2.2277e+00 -2.0714e+00 +1.6470e+00 -2.4565e+00
% f evaluations | g evaluations | best noise-free fitness - Fopt (-3.015000000000e+01) + sum g_i+ | measured fitness | best measured fitness or single-digit g-values | x1 | x2...
1 0 +7.985101963e+00 -2.216489804e+01 -2.216489804e+01 +1.7141e+00 -3.4753e-01 -9.7882e-01 +2.3885e-01 +4.3634e+00
30 0 +5.561828071e+00 -2.458817193e+01 -2.458817193e+01 -4.9718e-01 +9.3205e-01 +4.0564e+00 -3.6775e+00 -4.0141e+00
71 0 +4.487376148e+00 -2.566262385e+01 -2.566262385e+01 -6.1437e-02 -4.1688e-01 +5.0000e+00 -3.2126e+00 -5.0000e+00
150 0 +4.487376148e+00 -2.566262385e+01 -2.566262385e+01 -6.1437e-02 -4.1688e-01 +5.0000e+00 -3.2126e+00 -5.0000e+00
% f evaluations | g evaluations | best noise-free fitness - Fopt (-1.000000000000e+03) + sum g_i+ | measured fitness | best measured fitness or single-digit g-values | x1 | x2...
1 0 +2.626268724e+02 -7.373731276e+02 -7.373731276e+02 +3.8994e+00 -1.8847e-01 +4.7413e+00 -3.8582e+00 +4.9499e+00
2 0 +5.661748987e+01 -9.433825101e+02 -9.433825101e+02 +2.0396e+00 +4.1197e+00 +3.9583e+00 +4.9121e+00 -4.8669e+00
3 0 +1.090815751e+01 -9.890918425e+02 -9.890918425e+02 +1.3433e+00 -6.4028e-01 -1.4922e+00 +7.9502e-01 -3.9490e+00
8 0 +8.606381291e+00 -9.913936187e+02 -9.913936187e+02 -8.4771e-01 -6.4997e-01 -1.9271e+00 -2.1644e+00 +3.0088e+00
62 0 +4.210250361e+00 -9.957897496e+02 -9.957897496e+02 -2.8587e-01 -1.7654e+00 -1.9150e+00 -1.7599e+00 +3.2887e+00
150 0 +4.210250361e+00 -9.957897496e+02 -9.957897496e+02 -2.8587e-01 -1.7654e+00 -1.9150e+00 -1.7599e+00 +3.2887e+00
% f evaluations | g evaluations | best noise-free fitness - Fopt (-9.243000000000e+02) + sum g_i+ | measured fitness | best measured fitness or single-digit g-values | x1 | x2...
1 0 +6.560690854e+01 -8.586930915e+02 -8.586930915e+02 -1.7947e+00 -2.0440e+00 +3.1773e+00 -3.3574e+00 +3.9014e+00
2 0 +6.465716451e+01 -8.596428355e+02 -8.596428355e+02 -3.8203e+00 +1.0210e+00 -2.1736e+00 -4.3420e+00 -4.1593e+00
3 0 +3.438739320e+01 -8.899126068e+02 -8.899126068e+02 -2.1201e+00 -5.2315e-01 -3.1797e+00 -2.6754e+00 -4.0292e+00
5 0 +2.753305076e+01 -8.967669492e+02 -8.967669492e+02 +1.9961e+00 -4.0611e+00 +4.2425e+00 +2.6327e+00 -3.2126e+00
6 0 +2.071122021e+01 -9.035887798e+02 -9.035887798e+02 -3.8881e+00 -7.2131e-01 +2.9065e-01 +2.8931e+00 -6.8228e-01
22 0 +1.055326055e+01 -9.137467394e+02 -9.137467394e+02 -1.3292e-01 -3.0520e+00 -4.2796e-01 +2.9425e+00 +6.8848e-01
63 0 +5.890841517e+00 -9.184091585e+02 -9.184091585e+02 -1.9181e+00 -4.0188e+00 +8.5090e-01 +1.3296e+00 -2.7883e+00
150 0 +5.890841517e+00 -9.184091585e+02 -9.184091585e+02 -1.9181e+00 -4.0188e+00 +8.5090e-01 +1.3296e+00 -2.7883e+00
% f evaluations | g evaluations | best noise-free fitness - Fopt (-1.035000000000e+01) + sum g_i+ | measured fitness | best measured fitness or single-digit g-values | x1 | x2...
1 0 +1.892376115e+01 +8.573761153e+00 +8.573761153e+00 -2.6176e+00 +4.7826e+00 -3.6130e+00 -4.5179e-02 +3.9900e+00
6 0 +1.700579405e+01 +6.655794045e+00 +6.655794045e+00 -3.9154e+00 -1.1677e+00 -2.9272e+00 -3.5755e-01 +2.8739e+00
29 0 +8.294164458e+00 -2.055835542e+00 -2.055835542e+00 +4.3295e+00 -3.3817e+00 +3.1218e+00 +3.1546e+00 -4.5434e-02
80 0 +7.177276934e+00 -3.172723066e+00 -3.172723066e+00 +4.4288e+00 -2.3851e+00 +9.9711e-01 +3.1840e+00 -1.6209e+00
150 0 +7.177276934e+00 -3.172723066e+00 -3.172723066e+00 +4.4288e+00 -2.3851e+00 +9.9711e-01 +3.1840e+00 -1.6209e+00
% f evaluations | g evaluations | best noise-free fitness - Fopt (-1.000000000000e+03) + sum g_i+ | measured fitness | best measured fitness or single-digit g-values | x1 | x2...
1 0 +5.459291238e+01 -9.454070876e+02 -9.454070876e+02 +1.5210e+00 -2.7801e+00 -2.7569e+00 -6.2095e-01 -3.6223e+00
2 0 +3.759461946e+01 -9.624053805e+02 -9.624053805e+02 +3.5817e+00 -2.6957e+00 +1.8232e+00 +9.6137e-01 +4.2256e+00
8 0 +2.196037617e+01 -9.780396238e+02 -9.780396238e+02 +1.1469e+00 +4.4820e+00 +8.0854e-01 -3.0135e+00 -3.8426e+00
16 0 +1.077214016e+01 -9.892278598e+02 -9.892278598e+02 -5.7459e-01 -2.2168e+00 +8.3516e-01 +2.7126e+00 -7.5705e-01
20 0 +6.148915884e+00 -9.938510841e+02 -9.938510841e+02 +1.6659e+00 +2.8497e+00 -3.9958e+00 -7.8310e-01 -2.1487e+00
150 0 +5.890845671e+00 -9.941091543e+02 -9.941091543e+02 +9.7694e-01 +2.3406e+00 -3.0738e+00 -1.0640e+00 -1.5249e+00
% f evaluations | g evaluations | best noise-free fitness - Fopt (2.880000000000e+01) + sum g_i+ | measured fitness | best measured fitness or single-digit g-values | x1 | x2...
1 0 +1.845485915e+01 +4.725485915e+01 +4.725485915e+01 -1.8706e-01 +8.5026e-01 -3.0590e-02 -1.0798e+00 -3.0001e+00
3 0 +1.295783552e+01 +4.175783552e+01 +4.175783552e+01 +3.2633e+00 -3.0973e+00 -1.3171e+00 +2.6699e+00 +2.1288e+00
5 0 +6.725371738e+00 +3.552537174e+01 +3.552537174e+01 +4.6872e+00 -2.5076e+00 -4.1320e-02 -1.7774e+00 -2.3340e-01
7 0 +6.005438880e+00 +3.480543888e+01 +3.480543888e+01 -7.2548e-01 +1.2676e+00 +1.8231e+00 -9.8178e-01 -3.6810e-01
114 0 +5.396756996e+00 +3.419675700e+01 +3.419675700e+01 -2.8932e-01 +2.1522e+00 -7.1055e-01 -9.9053e-01 +1.2883e-01
136 0 +3.905311595e+00 +3.270531160e+01 +3.270531160e+01 -1.5781e+00 +3.1495e+00 -9.2001e-02 +1.1715e+00 +6.0535e-01
150 0 +3.905311595e+00 +3.270531160e+01 +3.270531160e+01 -1.5781e+00 +3.1495e+00 -9.2001e-02 +1.1715e+00 +6.0535e-01
% f evaluations | g evaluations | best noise-free fitness - Fopt (3.534000000000e+01) + sum g_i+ | measured fitness | best measured fitness or single-digit g-values | x1 | x2...
1 0 +1.090829348e+02 +1.444229348e+02 +1.444229348e+02 +4.5666e+00 -4.6266e-01 -3.4132e+00 -2.2985e+00 -3.7273e+00
4 0 +1.350901959e+01 +4.884901959e+01 +4.884901959e+01 +6.6441e-01 -3.4896e+00 -7.5369e-01 -2.1231e+00 -3.5298e+00
11 0 +9.543782938e+00 +4.488378294e+01 +4.488378294e+01 +9.3317e-01 -2.1579e-01 +1.1398e+00 +3.0136e+00 -2.8884e-01
65 0 +7.613545304e+00 +4.295354530e+01 +4.295354530e+01 +3.3645e-01 +1.3668e+00 +4.6450e-01 -1.5745e+00 +6.0719e-01
73 0 +2.737751005e+00 +3.807775100e+01 +3.807775100e+01 +4.5940e-01 -3.2848e-01 +1.3283e+00 -1.6788e+00 -5.0757e-01
75 0 +2.422921694e+00 +3.776292169e+01 +3.776292169e+01 -4.6272e-01 -4.2138e-01 +1.6950e+00 -1.8850e+00 +3.9804e-01
150 0 +2.422921694e+00 +3.776292169e+01 +3.776292169e+01 -4.6272e-01 -4.2138e-01 +1.6950e+00 -1.8850e+00 +3.9804e-01
