% f evaluations | g evaluations | best noise-free fitness - Fopt (7.627000000000e+01) + sum g_i+ | measured fitness | best measured fitness or single-digit g-values | x1 | x2...
1 0 +1.249656564e+07 +1.249664191e+07 +1.249664191e+07 -4.5649e+00 +3.3529e+00 -1.0606e+00 -2.7186e+00 -7.6902e-01
2 0 +4.545246781e+06 +4.545323051e+06 +4.545323051e+06 +3.1390e+00 -3.4562e+00 +3.2726e-01 -3.8545e+00 -5.7933e-01
3 0 +4.901354013e+05 +4.902116713e+05 +4.902116713e+05 -3.8331e+00 +5.9437e-01 +4.7296e+00 -3.0966e+00 -3.1880e+00
13 0 +3.196482243e+05 +3.197244943e+05 +3.197244943e+05 -1.5589e+00 -1.3120e+00 +1.2641e+00 +1.0258e-01 -1.0028e+00
41 0 +4.578531098e+04 +4.586158098e+04 +4.586158098e+04 +3.1175e+00 -2.8057e+00 +4.4839e+00 +2.2138e+00 -3.6432e-02
43 0 +1.981426009e+03 +2.057696009e+03 +2.057696009e+03 -3.4555e+00 -4.7072e+00 -3.8026e+00 +2.5527e+00 -3.7653e+00
99 0 +1.981426009e+03 +2.057696009e+03 +2.057696009e+03 -3.4555e+00 -4.7072e+00 -3.8026e+00 +2.5527e+00 -3.7653e+00
% f evaluations | g evaluations | best noise-free fitness - Fopt (-2.255000000000e+01) + sum g_i+ | measured fitness | best measured fitness or single-digit g-values | x1 | x2...
1 0 +4.307661310e+07 +4.307659055e+07 +4.307659055e+07 -4.3440e+00 +3.5959e+00 -3.7306e+00 -1.9989e+00 +1.4412e+00
2 0 +1.563631018e+07 +1.563628763e+07 +1.563628763e+07 -1.7775e+00 +3.1186e-01 -9.1682e-01 +3.7937e+00 +2.8734e+00
5 0 +1.499967725e+07 +1.499965470e+07 +1.499965470e+07 +5.6803e-01 +1.5739e+00 -3.1543e+00 +2.5107e+00 +3.5811e+00
6 0 +1.104460206e+06 +1.104437656e+06 +1.104437656e+06 -3.8316e+00 +1.0460e+00 +4.6782e+00 +4.9159e+00 -1.2499e-01
46 0 +6.523163068e+05 +6.522937568e+05 +6.522937568e+05 -1.1562e+00 +2.3028e+00 +1.4452e+00 +4.0576e+00 +1.8401e-01
57 0 +1.960977142e+05 +1.960751642e+05 +1.960751642e+05 +4.9147e+00 -2.4554e+00 -4.2747e+00 +2.0536e+00 +1.4412e+00
61 0 +1.040822274e+05 +1.040596774e+05 +1.040596774e+05 -3.7209e-01 +2.3028e+00 +3.9972e+00 +3.7937e+00 +9.0982e-01
83 0 +1.475996142e+03 +1.453446142e+03 +1.453446142e+03 -3.7209e-01 -2.2691e+00 +4.0880e+00 +4.6380e-01 +1.8401e-01
99 0 +1.475996142e+03 +1.453446142e+03 +1.453446142e+03 -3.7209e-01 -2.2691e+00 +4.0880e+00 +4.6380e-01 +1.8401e-01
% f evaluations | g evaluations | best noise-free fitness - Fopt (1.366000000000e+01) + sum g_i+ | measured fitness | best measured fitness or single-digit g-values | x1 | x2...
1 0 +4.896274473e+06 +4.896288133e+06 +4.896288133e+06 +3.6245e+00 +4.6451e+00 -1.1332e+00 -8.0336e-01 -4.6814e+00
2 0 +3.306587596e+06 +3.306601256e+06 +3.306601256e+06 -3.3006e+00 +9.7905e-01 -2.3476e+00 -3.0374e+00 -6.9793e-01
7 0 +2.745942379e+06 +2.745956039e+06 +2.745956039e+06 +1.1212e+00 +8.8520e-01 +3.0699e+00 -3.9031e+00 -3.7702e+00
9 0 +1.074806640e+06 +1.074820300e+06 +1.074820300e+06 -4.2165e-01 +2.9365e+00 -2.1275e+00 +1.7375e-01 -2.3074e+00
20 0 +4.204231653e+04 +4.205597653e+04 +4.205597653e+04 -4.9624e+00 +1.7082e+00 -4.0551e+00 +2.0123e+00 +9.5019e-01
48 0 +1.433873725e+03 +1.447533725e+03 +1.447533725e+03 +4.6673e+00 +4.1667e+00 -3.7158e+00 +4.3725e+00 +3.3775e+00
53 0 +1.227170221e+03 +1.240830221e+03 +1.240830221e+03 -2.8033e+00 +4.1667e+00 +2.9008e+00 -4.5765e+00 -9.5743e-01
99 0 +1.227170221e+03 +1.240830221e+03 +1.240830221e+03 -2.8033e+00 +4.1667e+00 +2.9008e+00 -4.5765e+00 -9.5743e-01
% f evaluations | g evaluations | best noise-free fitness - Fopt (9.378400000000e+02) + sum g_i+ | measured fitness | best measured fitness or single-digit g-values | x1 | x2...
1 0 +5.455304434e+06 +5.456242274e+06 +5.456242274e+06 +2.9113e+00 -1.5774e+00 -3.4707e+00 +2.3518e+00 +3.0705e+00
5 0 +4.570996317e+06 +4.571934157e+06 +4.571934157e+06 -1.8075e+00 +2.9208e+00 +2.5413e+00 +4.0711e+00 +4.7694e+00
7 0 +7.747885791e+04 +7.841669791e+04 +7.841669791e+04 -1.8681e+00 -1.3080e+00 -4.7865e+00 -1.2281e+00 +3.0387e-01
33 0 +3.526926662e+04 +3.620710662e+04 +3.620710662e+04 +1.1039e-01 -1.4093e+00 +1.6210e+00 -2.9060e-01 +2.3981e-01
77 0 +1.294064285e+04 +1.387848285e+04 +1.387848285e+04 +1.1039e-01 -1.4093e+00 +2.6586e+00 -2.9060e-01 +1.8615e+00
99 0 +1.294064285e+04 +1.387848285e+04 +1.387848285e+04 +1.1039e-01 -1.4093e+00 +2.6586e+00 -2.9060e-01 +1.8615e+00
% f evaluations | g evaluations | best noise-free fitness - Fopt (-7.872000000000e+01) + sum g_i+ | measured fitness | best measured fitness or single-digit g-values | x1 | x2...
1 0 +6.622620262e+06 +6.622541542e+06 +6.622541542e+06 -2.1601e+00 +3.0763e+00 -1.1318e+00 +2.3358e+00 +4.3507e-01
3 0 +2.050372397e+06 +2.050293677e+06 +2.050293677e+06 -4.0628e+00 -3.5045e+00 -4.0065e+00 -7.8105e-01 -3.9155e+00
4 0 +4.122222557e+05 +4.121435357e+05 +4.121435357e+05 +3.2746e+00 +3.3587e+00 +8.4649e-01 -2.6458e-01 +3.4948e+00
7 0 +1.203412814e+05 +1.202625614e+05 +1.202625614e+05 +3.8656e+00 -4.4576e+00 -2.1630e+00 +1.2429e+00 -1.9862e+00
9 0 +6.623942898e+04 +6.616070898e+04 +6.616070898e+04 -2.8250e+00 +2.7127e+00 -1.1593e+00 +3.4734e-03 -2.2892e+00
27 0 +2.519389615e+04 +2.511517615e+04 +2.511517615e+04 -3.0150e+00 +3.1121e+00 +4.3963e+00 +7.4826e-01 +2.4423e+00
46 0 +1.053778137e+03 +9.750581367e+02 +9.750581367e+02 -1.6754e+00 -9.7482e-01 -3.1436e+00 -1.4464e+00 +2.9507e+00
96 0 +3.454087553e+01 -4.417912447e+01 -4.417912447e+01 +6.2124e-01 -9.7482e-01 -3.1436e+00 -1.4464e+00 +2.9507e+00
99 0 +3.454087553e+01 -4.417912447e+01 -4.417912447e+01 +6.2124e-01 -9.7482e-01 -3.1436e+00 -1.4464e+00 +2.9507e+00
% f evaluations | g evaluations | best noise-free fitness - Fopt (-4.151000000000e+01) + sum g_i+ | measured fitness | best measured fitness or single-digit g-values | x1 | x2...
1 0 +6.382862015e+05 +6.382446915e+05 +6.382446915e+05 -3.2956e+00 +2.7171e+00 -1.4106e+00 +1.7518e+00 +3.2901e+00
5 0 +3.810702550e+05 +3.810287450e+05 +3.810287450e+05 +4.5113e+00 -4.1184e+00 +2.1034e+00 -2.0160e+00 -3.1201e+00
6 0 +2.478510500e+04 +2.474359500e+04 +2.474359500e+04 -2.7866e+00 +1.5154e+00 +7.1909e-02 -2.0561e+00 +3.8617e+00
12 0 +3.614501807e+03 +3.572991807e+03 +3.572991807e+03 -9.4303e-01 +3.4441e+00 +2.3480e+00 -1.2364e+00 -4.2205e+00
53 0 +2.448310653e+02 +2.033210653e+02 +2.033210653e+02 -9.5294e-01 +4.1551e+00 +2.3480e+00 +3.7139e+00 +4.6402e-01
99 0 +2.448310653e+02 +2.033210653e+02 +2.033210653e+02 -9.5294e-01 +4.1551e+00 +2.3480e+00 +3.7139e+00 +4.6402e-01
% f evaluations | g evaluations | best noise-free fitness - Fopt (1.320700000000e+02) + sum g_i+ | measured fitness | best measured fitness or single-digit g-values | x1 | x2...
1 0 +4.765105710e+06 +4.765237780e+06 +4.765237780e+06 +3.8902e+00 -4.6993e+00 +1.2648e+00 -8.4121e-01 +2.5312e+00
2 0 +1.275005664e+05 +1.276326364e+05 +1.276326364e+05 -4.7099e+00 -1.3996e+00 -4.7558e+00 +9.2649e-03 -4.4911e+00
64 0 +2.723164835e+02 +4.043864835e+02 +4.043864835e+02 +4.9537e+00 -3.0881e+00 +1.6178e+00 -3.7114e+00 -2.8982e+00
72 0 +1.267975187e+02 +2.588675187e+02 +2.588675187e+02 -4.7099e+00 -2.1343e+00 -1.9853e+00 +9.2649e-03 -4.4911e+00
99 0 +1.267975187e+02 +2.588675187e+02 +2.588675187e+02 -4.7099e+00 -2.1343e+00 -1.9853e+00 +9.2649e-03 -4.4911e+00
% f evaluations | g evaluations | best noise-free fitness - Fopt (9.725000000000e+01) + sum g_i+ | measured fitness | best measured fitness or single-digit g-values | x1 | x2...
1 0 +2.708031403e+06 +2.708128653e+06 +2.708128653e+06 +4.1982e+00 +3.7822e+00 -4.8487e+00 -4.8059e+00 -3.8418e+00
3 0 +5.651261057e+04 +5.660986057e+04 +5.660986057e+04 +4.1792e+00 -1.3671e+00 -7.3207e-01 +4.9274e-01 +3.6159e+00
5 0 +3.801427454e+03 +3.898677454e+03 +3.898677454e+03 +4.3249e+00 +1.7173e+00 -1.3086e+00 -3.3864e+00 +3.5626e+00
99 0 +3.801427454e+03 +3.898677454e+03 +3.898677454e+03 +4.3249e+00 +1.7173e+00 -1.3086e+00 -3.3864e+00 +3.5626e+00
% f evaluations | g evaluations | best noise-free fitness - Fopt (-2.033000000000e+01) + sum g_i+ | measured fitness | best measured fitness or single-digit g-values | x1 | x2...
1 0 +4.194705989e+06 +4.194685659e+06 +4.194685659e+06 +4.2634e+00 -4.8123e+00 +3.1264e-01 +3.5497e+00 +4.3709e+00
2 0 +2.344966010e+06 +2.344945680e+06 +2.344945680e+06 +3.9461e+00 +3.9408e+00 +4.8685e+00 +1.3400e+00 +3.9380e+00
4 0 +1.986003235e+03 +1.965673235e+03 +1.965673235e+03 -4.6775e+00 -1.0068e-01 -2.3285e+00 -4.9521e+00 +1.4808e+00
66 0 +3.156725338e+02 +2.953425338e+02 +2.953425338e+02 +1.0722e+00 +4.6014e+00 +4.0828e+00 +8.3803e-01 +4.7648e+00
99 0 +3.101680088e+02 +2.898380088e+02 +2.898380088e+02 -4.6775e+00 +3.2438e-01 -2.3285e+00 -4.9521e+00 +1.4808e+00
% f evaluations | g evaluations | best noise-free fitness - Fopt (9.431000000000e+01) + sum g_i+ | measured fitness | best measured fitness or single-digit g-values | x1 | x2...
1 0 +2.419450576e+07 +2.419460007e+07 +2.419460007e+07 -3.8961e-01 +2.1904e+00 +4.7235e+00 +4.3954e+00 -4.8042e+00
2 0 +7.482987863e+06 +7.483082173e+06 +7.483082173e+06 +4.8379e+00 +2.2694e+00 -3.8322e+00 -3.7143e+00 -1.6249e+00
3 0 +1.317948029e+06 +1.318042339e+06 +1.318042339e+06 +3.8710e+00 +2.7728e+00 -2.5729e+00 +4.3200e+00 +4.1722e+00
6 0 +2.526247649e+05 +2.527190749e+05 +2.527190749e+05 +2.5641e+00 +3.4063e+00 +4.9640e+00 -3.0297e+00 +4.6974e+00
18 0 +1.902062165e+05 +1.903005265e+05 +1.903005265e+05 -2.0288e+00 -6.9638e-02 +2.1357e+00 -4.7984e+00 -2.1668e+00
20 0 +3.694436212e+04 +3.703867212e+04 +3.703867212e+04 +3.4889e+00 -3.0280e+00 -2.9850e+00 -2.8444e+00 +2.1635e+00
27 0 +1.526315357e+04 +1.535746357e+04 +1.535746357e+04 +3.1081e+00 +3.7397e-01 -1.8013e+00 +1.1887e+00 +2.9831e+00
40 0 +3.159676467e+03 +3.253986467e+03 +3.253986467e+03 +1.3112e+00 -8.8851e-02 +1.7530e+00 -3.4997e+00 +3.1034e+00
99 0 +3.159676467e+03 +3.253986467e+03 +3.253986467e+03 +1.3112e+00 -8.8851e-02 +1.7530e+00 -3.4997e+00 +3.1034e+00
% f evaluations | g evaluations | best noise-free fitness - Fopt (-1.436900000000e+02) + sum g_i+ | measured fitness | best measured fitness or single-digit g-values | x1 | x2...
1 0 +4.133045424e+06 +4.132901734e+06 +4.132901734e+06 +3.7980e+00 -2.2344e+00 -3.7854e+00 -3.4909e+00 +5.1793e-01
9 0 +3.537715532e+05 +3.536278632e+05 +3.536278632e+05 +1.3735e+00 +4.7001e-01 -4.1108e+00 -2.7277e-01 +7.5135e-02
11 0 +1.051126591e+03 +9.074365915e+02 +9.074365915e+02 +6.1105e-01 +4.8580e+00 +3.9938e+00 -1.9169e+00 -2.3950e+00
99 0 +1.051126591e+03 +9.074365915e+02 +9.074365915e+02 +6.1105e-01 +4.8580e+00 +3.9938e+00 -1.9169e+00 -2.3950e+00
% f evaluations | g evaluations | best noise-free fitness - Fopt (-3.533800000000e+02) + sum g_i+ | measured fitness | best measured fitness or single-digit g-values | x1 | x2...
1 0 +5.954302670e+05 +5.950768870e+05 +5.950768870e+05 -1.9340e+00 -1.2035e-01 -2.9009e+00 -3.7298e+00 +2.5080e+00
12 0 +4.835065824e+05 +4.831532024e+05 +4.831532024e+05 +3.7242e-01 -1.7698e+00 +4.8309e+00 -4.1788e+00 +3.4743e+00
26 0 +1.215885322e+05 +1.212351522e+05 +1.212351522e+05 -3.1072e+00 -3.9988e+00 -1.1387e+00 -3.5006e+00 +3.9452e+00
42 0 +1.362158999e+04 +1.326820999e+04 +1.326820999e+04 -3.1336e+00 +4.0966e+00 +3.3572e+00 -4.2272e+00 -4.6808e+00
99 0 +1.362158999e+04 +1.326820999e+04 +1.326820999e+04 -3.1336e+00 +4.0966e+00 +3.3572e+00 -4.2272e+00 -4.6808e+00
% f evaluations | g evaluations | best noise-free fitness - Fopt (-2.910000000000e+00) + sum g_i+ | measured fitness | best measured fitness or single-digit g-values | x1 | x2...
1 0 +4.569598996e+07 +4.569598705e+07 +4.569598705e+07 -2.2535e+00 +2.4109e+00 -2.3014e+00 -1.6831e+00 +3.1716e+00
2 0 +1.938229054e+07 +1.938228763e+07 +1.938228763e+07 +6.4341e-01 -1.7031e+00 +8.1989e-01 -1.7613e+00 -4.1911e-01
3 0 +1.666577042e+07 +1.666576751e+07 +1.666576751e+07 -4.4512e+00 +1.9007e+00 +2.0880e+00 +2.6980e-01 +1.8064e+00
6 0 +6.215367893e+06 +6.215364983e+06 +6.215364983e+06 -2.7045e+00 +3.9566e+00 +2.2184e+00 +4.3753e+00 +3.0923e+00
9 0 +4.093690832e+06 +4.093687922e+06 +4.093687922e+06 +5.4222e-01 +1.3980e+00 +2.9085e+00 -4.8732e+00 +2.1256e+00
19 0 +6.411073058e+05 +6.411043958e+05 +6.411043958e+05 +1.8349e+00 +4.5670e+00 +4.0628e+00 +2.0496e+00 +1.4195e+00
20 0 +2.002759932e+04 +2.002468932e+04 +2.002468932e+04 +3.1909e+00 +6.1012e-01 +4.2123e+00 +1.1857e-01 +1.3639e+00
81 0 +1.067729880e+04 +1.067438880e+04 +1.067438880e+04 +9.3611e-02 +1.9058e+00 +4.2123e+00 +3.3284e+00 -2.2207e+00
99 0 +1.067729880e+04 +1.067438880e+04 +1.067438880e+04 +9.3611e-02 +1.9058e+00 +4.2123e+00 +3.3284e+00 -2.2207e+00
% f evaluations | g evaluations | best noise-free fitness - Fopt (-2.970000000000e+00) + sum g_i+ | measured fitness | best measured fitness or single-digit g-values | x1 | x2...
1 0 +2.321930379e+07 +2.321930082e+07 +2.321930082e+07 -2.0806e+00 +3.4092e+00 -1.8081e+00 +1.8513e+00 +5.4506e-01
2 0 +7.622574718e+06 +7.622571748e+06 +7.622571748e+06 -1.4821e+00 +2.4726e+00 +5.2639e-01 -1.5210e+00 -1.0833e+00
3 0 +5.885522388e+06 +5.885519418e+06 +5.885519418e+06 +5.5873e-01 -3.7707e-01 -4.9191e+00 -1.7019e+00 -4.7126e+00
6 0 +3.812407622e+06 +3.812404652e+06 +3.812404652e+06 -4.6397e+00 +1.8586e+00 +2.9936e+00 -9.4071e-01 -3.0560e+00
7 0 +3.383886291e+05 +3.383856591e+05 +3.383856591e+05 +1.9147e+00 -4.8060e+00 +1.9768e+00 +3.3207e+00 +2.6516e+00
9 0 +2.248676782e+05 +2.248647082e+05 +2.248647082e+05 +3.9162e+00 -4.8535e+00 +4.9299e+00 +1.6242e+00 +1.9026e+00
18 0 +4.957522198e+03 +4.954552198e+03 +4.954552198e+03 +3.8454e+00 +6.1679e-01 +1.3420e+00 -6.9471e-01 -1.5362e+00
37 0 +2.647502197e+03 +2.644532197e+03 +2.644532197e+03 +4.7900e+00 +4.8971e+00 -1.2304e+00 -1.4503e+00 -4.7218e+00
99 0 +2.647502197e+03 +2.644532197e+03 +2.644532197e+03 +4.7900e+00 +4.8971e+00 -1.2304e+00 -1.4503e+00 -4.7218e+00
% f evaluations | g evaluations | best noise-free fitness - Fopt (2.996300000000e+02) + sum g_i+ | measured fitness | best measured fitness or single-digit g-values | x1 | x2...
1 0 +6.145203273e+06 +6.145502903e+06 +6.145502903e+06 -2.5621e+00 +3.2575e+00 +6.8413e-01 +2.8563e+00 -4.0243e-01
4 0 +2.561736037e+05 +2.564732337e+05 +2.564732337e+05 +3.4765e+00 +8.8365e-01 -2.4522e+00 -1.9586e+00 -2.0262e-01
9 0 +2.122115097e+04 +2.152078097e+04 +2.152078097e+04 -1.9935e+00 +3.7107e-02 -2.7208e+00 +9.2806e-01 -3.0397e+00
14 0 +3.129359945e+03 +3.428989945e+03 +3.428989945e+03 -4.3552e+00 -6.2719e-01 -4.5368e+00 +4.0954e+00 +4.3595e+00
20 0 +2.773544224e+03 +3.073174224e+03 +3.073174224e+03 +4.3248e+00 +9.0602e-01 -1.2183e+00 -3.6566e+00 -4.5904e+00
99 0 +2.773544224e+03 +3.073174224e+03 +3.073174224e+03 +4.3248e+00 +9.0602e-01 -1.2183e+00 -3.6566e+00 -4.5904e+00
