% f evaluations | g evaluations | best noise-free fitness - Fopt (-9.210000000000e+00) + sum g_i+ | measured fitness | best measured fitness or single-digit g-values | x1 | x2...
1 0 +3.867331681e+01 +2.946331681e+01 +2.946331681e+01 +4.1180e+00 +2.6027e+00 +1.9790e+00
12 0 +2.273898802e+01 +1.352898802e+01 +1.352898802e+01 +1.0851e+00 +2.3499e+00 +3.9556e+00
33 0 +1.437725183e+01 +5.167251832e+00 +5.167251832e+00 +4.6264e+00 +2.1272e+00 +4.5081e+00
53 0 +1.156163973e+01 +2.351639731e+00 +2.351639731e+00 +3.2903e+00 +1.8845e+00 +5.0000e+00
56 0 +1.083890988e+01 +1.628909878e+00 +1.628909878e+00 +3.9706e+00 +1.8980e+00 +5.0000e+00
67 0 +8.631513394e+00 -5.784866056e-01 -5.784866056e-01 +3.7792e+00 +2.6565e+00 +5.0000e+00
76 0 +8.626542218e-01 -8.347345778e+00 -8.347345778e+00 +4.1373e+00 +5.0000e+00 +5.0000e+00
80 0 +0.000000000e+00 -9.210000000e+00 -9.210000000e+00 +5.0000e+00 +5.0000e+00 +5.0000e+00
100 0 +0.000000000e+00 -9.210000000e+00 -9.210000000e+00 +5.0000e+00 +5.0000e+00 +5.0000e+00
% f evaluations | g evaluations | best noise-free fitness - Fopt (6.559900000000e+02) + sum g_i+ | measured fitness | best measured fitness or single-digit g-values | x1 | x2...
1 0 +3.710803404e+01 +6.930980340e+02 +6.930980340e+02 -3.8841e+00 +1.1276e-01 -3.7944e+00
10 0 +2.530895283e+01 +6.812989528e+02 +6.812989528e+02 -4.0233e+00 -3.8564e-02 -4.9404e+00
27 0 +1.107615229e+01 +6.670661523e+02 +6.670661523e+02 +2.4666e+00 -4.5822e+00 -4.2778e+00
28 0 +5.684228915e+00 +6.616742289e+02 +6.616742289e+02 +1.3787e+00 -4.9462e+00 -4.8107e+00
64 0 +2.572924921e+00 +6.585629249e+02 +6.585629249e+02 +2.4271e+00 -5.0000e+00 -5.0000e+00
76 0 +1.759092551e-01 +6.561659093e+02 +6.561659093e+02 +4.8241e+00 -5.0000e+00 -5.0000e+00
84 0 +0.000000000e+00 +6.559900000e+02 +6.559900000e+02 +5.0000e+00 -5.0000e+00 -5.0000e+00
100 0 +0.000000000e+00 +6.559900000e+02 +6.559900000e+02 +5.0000e+00 -5.0000e+00 -5.0000e+00
% f evaluations | g evaluations | best noise-free fitness - Fopt (6.671000000000e+01) + sum g_i+ | measured fitness | best measured fitness or single-digit g-values | x1 | x2...
1 0 +5.730390851e+01 +1.240139085e+02 +1.240139085e+02 -8.7392e-01 -3.2084e+00 -2.4877e-01
8 0 +3.239203934e+01 +9.910203934e+01 +9.910203934e+01 +1.5346e+00 +2.8789e+00 -4.9058e+00
15 0 +2.775527738e+01 +9.446527738e+01 +9.446527738e+01 +4.2656e+00 +2.2506e-01 -4.8033e+00
34 0 +1.920757703e+01 +8.591757703e+01 +8.591757703e+01 -4.3202e+00 -1.9246e-02 -4.7223e+00
52 0 +1.663822908e+01 +8.334822908e+01 +8.334822908e+01 -4.4481e+00 +8.6938e-02 -5.0000e+00
55 0 +7.413844670e+00 +7.412384467e+01 +7.412384467e+01 -2.5709e-01 -4.1554e+00 -5.0000e+00
57 0 +4.223782341e+00 +7.093378234e+01 +7.093378234e+01 -7.7622e-01 -5.0000e+00 -5.0000e+00
72 0 +3.495048800e+00 +7.020504880e+01 +7.020504880e+01 -1.8158e+00 -5.0000e+00 -4.9689e+00
78 0 +2.530902760e+00 +6.924090276e+01 +6.924090276e+01 -2.4691e+00 -5.0000e+00 -5.0000e+00
86 0 +7.803365260e-01 +6.749033653e+01 +6.749033653e+01 -4.2197e+00 -5.0000e+00 -5.0000e+00
89 0 +0.000000000e+00 +6.671000000e+01 +6.671000000e+01 -5.0000e+00 -5.0000e+00 -5.0000e+00
100 0 +0.000000000e+00 +6.671000000e+01 +6.671000000e+01 -5.0000e+00 -5.0000e+00 -5.0000e+00
% f evaluations | g evaluations | best noise-free fitness - Fopt (9.416700000000e+02) + sum g_i+ | measured fitness | best measured fitness or single-digit g-values | x1 | x2...
1 0 +7.675271386e+01 +1.018422714e+03 +1.018422714e+03 +7.0319e-02 +9.2995e-01 -2.9302e-01
3 0 +2.434218042e+01 +9.660121804e+02 +9.660121804e+02 -4.8994e+00 +1.8327e+00 +4.7365e+00
7 0 +1.660505730e+01 +9.582750573e+02 +9.582750573e+02 -4.2639e+00 -4.6038e+00 +3.5384e+00
23 0 +1.444176263e+01 +9.561117626e+02 +9.561117626e+02 +4.6070e+00 -4.7668e+00 +4.5903e+00
40 0 +1.036755819e+01 +9.520375582e+02 +9.520375582e+02 +8.5871e-01 -4.5577e+00 +4.6890e+00
54 0 +4.594504463e+00 +9.462645045e+02 +9.462645045e+02 -6.1199e-01 -4.9347e+00 +5.0000e+00
56 0 +1.545701641e+00 +9.432157016e+02 +9.432157016e+02 -3.4543e+00 -5.0000e+00 +5.0000e+00
58 0 +0.000000000e+00 +9.416700000e+02 +9.416700000e+02 -5.0000e+00 -5.0000e+00 +5.0000e+00
100 0 +0.000000000e+00 +9.416700000e+02 +9.416700000e+02 -5.0000e+00 -5.0000e+00 +5.0000e+00
% f evaluations | g evaluations | best noise-free fitness - Fopt (-3.745000000000e+01) + sum g_i+ | measured fitness | best measured fitness or single-digit g-values | x1 | x2...
1 0 +1.130661336e+02 +7.561613355e+01 +7.561613355e+01 +2.0156e+00 -8.3412e-01 -4.1633e+00
2 0 +7.023716416e+01 +3.278716416e+01 +3.278716416e+01 -4.4163e+00 -2.8918e+00 +1.4135e+00
3 0 +3.176544191e+01 -5.684558091e+00 -5.684558091e+00 -4.1383e+00 -1.8385e+00 +4.8998e+00
6 0 +2.764006157e+01 -9.809938433e+00 -9.809938433e+00 -3.8937e+00 -4.6675e-02 +4.7213e+00
21 0 +1.426780550e+01 -2.318219450e+01 -2.318219450e+01 +2.2142e+00 +3.0872e+00 +4.4567e+00
53 0 +1.176800829e+01 -2.568199171e+01 -2.568199171e+01 +2.0002e+00 +3.2606e+00 +4.6732e+00
55 0 +9.763184004e+00 -2.768681600e+01 -2.768681600e+01 +2.7531e+00 +2.6232e+00 +5.0000e+00
70 0 +5.447136725e+00 -3.200286328e+01 -3.200286328e+01 +2.4758e+00 +4.0757e+00 +5.0000e+00
83 0 +3.274703910e+00 -3.417529609e+01 -3.417529609e+01 +3.0348e+00 +4.5859e+00 +5.0000e+00
94 0 +2.209437828e-01 -3.722905622e+01 -3.722905622e+01 +4.7791e+00 +5.0000e+00 +5.0000e+00
100 0 +2.209437828e-01 -3.722905622e+01 -3.722905622e+01 +4.7791e+00 +5.0000e+00 +5.0000e+00
% f evaluations | g evaluations | best noise-free fitness - Fopt (-6.639000000000e+01) + sum g_i+ | measured fitness | best measured fitness or single-digit g-values | x1 | x2...
1 0 +7.808559099e+01 +1.169559099e+01 +1.169559099e+01 +4.4201e+00 +1.6526e+00 +8.0800e-01
2 0 +2.418936689e+01 -4.220063311e+01 -4.220063311e+01 -5.9527e-01 +4.0663e+00 -3.3168e+00
5 0 +1.448589802e+01 -5.190410198e+01 -5.190410198e+01 -4.1972e+00 +1.3367e+00 -4.7901e+00
42 0 +1.273653250e+01 -5.365346750e+01 -5.365346750e+01 +4.9039e-01 +3.2747e+00 -4.8210e+00
52 0 +7.905397388e+00 -5.848460261e+01 -5.848460261e+01 -9.3035e-02 +4.0518e+00 -5.0000e+00
58 0 +6.668445221e+00 -5.972155478e+01 -5.972155478e+01 -1.3631e-01 +4.9251e+00 -4.8432e+00
59 0 +5.297568705e+00 -6.109243129e+01 -6.109243129e+01 -2.3468e+00 +4.1638e+00 -5.0000e+00
62 0 +2.535297441e+00 -6.385470256e+01 -6.385470256e+01 -2.4647e+00 +5.0000e+00 -5.0000e+00
74 0 +6.276638219e-01 -6.576233618e+01 -6.576233618e+01 -5.0000e+00 +4.8015e+00 -5.0000e+00
84 0 +0.000000000e+00 -6.639000000e+01 -6.639000000e+01 -5.0000e+00 +5.0000e+00 -5.0000e+00
100 0 +0.000000000e+00 -6.639000000e+01 -6.639000000e+01 -5.0000e+00 +5.0000e+00 -5.0000e+00
% f evaluations | g evaluations | best noise-free fitness - Fopt (-2.260100000000e+02) + sum g_i+ | measured fitness | best measured fitness or single-digit g-values | x1 | x2...
1 0 +7.142064439e+01 -1.545893556e+02 -1.545893556e+02 +3.1539e+00 -4.9926e+00 +1.8333e+00
2 0 +3.974218454e+01 -1.862678155e+02 -1.862678155e+02 +1.2892e+00 +3.9135e+00 +1.9983e+00
9 0 +2.315679889e+01 -2.028532011e+02 -2.028532011e+02 -3.1638e+00 +3.2439e+00 +3.4233e+00
11 0 +1.519453947e+01 -2.108154605e+02 -2.108154605e+02 -2.5750e+00 +1.9844e+00 +4.6767e+00
18 0 +1.201240122e+01 -2.139975988e+02 -2.139975988e+02 -1.4898e+00 +2.4493e+00 +4.9564e+00
61 0 +1.083869674e+01 -2.151713033e+02 -2.151713033e+02 -2.0061e+00 +2.6531e+00 +4.9577e+00
62 0 +7.821888419e+00 -2.181881116e+02 -2.181881116e+02 -1.3829e-01 +4.0639e+00 +5.0000e+00
76 0 +4.475750687e+00 -2.215342493e+02 -2.215342493e+02 -6.1476e-01 +4.9714e+00 +5.0000e+00
86 0 +2.801127366e+00 -2.232088726e+02 -2.232088726e+02 -2.1989e+00 +5.0000e+00 +5.0000e+00
95 0 +9.822744899e-01 -2.250277255e+02 -2.250277255e+02 -4.0177e+00 +5.0000e+00 +5.0000e+00
100 0 +9.822744899e-01 -2.250277255e+02 -2.250277255e+02 -4.0177e+00 +5.0000e+00 +5.0000e+00
% f evaluations | g evaluations | best noise-free fitness - Fopt (1.000000000000e+03) + sum g_i+ | measured fitness | best measured fitness or single-digit g-values | x1 | x2...
1 0 +6.647811134e+01 +1.066478111e+03 +1.066478111e+03 -3.2793e+00 -2.2980e+00 +8.3208e-01
2 0 +3.893090053e+01 +1.038930901e+03 +1.038930901e+03 -1.9734e+00 +2.5985e+00 +2.1690e+00
6 0 +2.862799082e+01 +1.028627991e+03 +1.028627991e+03 -5.9759e-01 -1.9108e+00 +4.7628e+00
15 0 +2.718907285e+01 +1.027189073e+03 +1.027189073e+03 +4.8820e+00 +1.8888e+00 +4.2531e+00
36 0 +1.210926657e+01 +1.012109267e+03 +1.012109267e+03 -2.5865e+00 +2.5681e+00 +4.7995e+00
52 0 +1.062513409e+01 +1.010625134e+03 +1.010625134e+03 -2.0454e+00 +2.5744e+00 +5.0000e+00
53 0 +5.245747001e+00 +1.005245747e+03 +1.005245747e+03 -1.7113e+00 +4.3811e+00 +5.0000e+00
55 0 +3.253409391e+00 +1.003253409e+03 +1.003253409e+03 -1.7466e+00 +5.0000e+00 +5.0000e+00
81 0 +9.262694290e-01 +1.000926269e+03 +1.000926269e+03 -4.0737e+00 +5.0000e+00 +5.0000e+00
100 0 +9.262694290e-01 +1.000926269e+03 +1.000926269e+03 -4.0737e+00 +5.0000e+00 +5.0000e+00
% f evaluations | g evaluations | best noise-free fitness - Fopt (-1.830200000000e+02) + sum g_i+ | measured fitness | best measured fitness or single-digit g-values | x1 | x2...
1 0 +1.056353323e+02 -7.738466769e+01 -7.738466769e+01 -4.6682e+00 -6.5121e-01 +3.2215e+00
2 0 +5.940629130e+01 -1.236137087e+02 -1.236137087e+02 -2.5711e+00 -1.3244e-01 -1.3557e+00
6 0 +3.420111632e+01 -1.488188837e+02 -1.488188837e+02 -1.4893e+00 +2.6759e+00 -4.6561e+00
11 0 +2.165714885e+01 -1.613628511e+02 -1.613628511e+02 +1.6876e+00 -3.1814e+00 -3.7406e+00
22 0 +1.371967695e+01 -1.693003231e+02 -1.693003231e+02 +3.9439e+00 -4.7244e+00 -3.8208e+00
57 0 +9.820679747e+00 -1.731993203e+02 -1.731993203e+02 -3.9208e-02 -3.4880e+00 -5.0000e+00
59 0 +7.180951882e+00 -1.758390481e+02 -1.758390481e+02 -1.3477e+00 -4.7365e+00 -5.0000e+00
66 0 +3.866253239e+00 -1.791537468e+02 -1.791537468e+02 +2.7373e+00 -4.4929e+00 -5.0000e+00
73 0 +2.889460423e+00 -1.801305396e+02 -1.801305396e+02 +2.1105e+00 -5.0000e+00 -5.0000e+00
93 0 +2.801101310e+00 -1.802188987e+02 -1.802188987e+02 +2.1989e+00 -5.0000e+00 -5.0000e+00
100 0 +2.801101310e+00 -1.802188987e+02 -1.802188987e+02 +2.1989e+00 -5.0000e+00 -5.0000e+00
% f evaluations | g evaluations | best noise-free fitness - Fopt (-1.026200000000e+02) + sum g_i+ | measured fitness | best measured fitness or single-digit g-values | x1 | x2...
1 0 +9.138621342e+01 -1.123378658e+01 -1.123378658e+01 -6.0177e-01 -4.0100e+00 +3.3857e+00
2 0 +3.758401125e+01 -6.503598875e+01 -6.503598875e+01 -5.7402e-01 +2.9741e+00 -4.2058e+00
6 0 +2.962050587e+01 -7.299949413e+01 -7.299949413e+01 +1.9149e+00 -2.5208e+00 -3.5134e+00
22 0 +2.737096999e+01 -7.524903001e+01 -7.524903001e+01 -2.5323e-01 +5.8859e-01 -4.5048e+00
37 0 +1.471372148e+01 -8.790627852e+01 -8.790627852e+01 -4.9003e+00 -3.2112e+00 -4.1043e+00
54 0 +1.202225024e+01 -9.059774976e+01 -9.059774976e+01 -3.0722e+00 -3.6084e+00 -4.4306e+00
55 0 +3.199765300e+00 -9.942023470e+01 -9.942023470e+01 -5.0000e+00 -3.9881e+00 -5.0000e+00
68 0 +5.315024424e-01 -1.020884976e+02 -1.020884976e+02 -5.0000e+00 -5.0000e+00 -4.9468e+00
81 0 +0.000000000e+00 -1.026200000e+02 -1.026200000e+02 -5.0000e+00 -5.0000e+00 -5.0000e+00
100 0 +0.000000000e+00 -1.026200000e+02 -1.026200000e+02 -5.0000e+00 -5.0000e+00 -5.0000e+00
% f evaluations | g evaluations | best noise-free fitness - Fopt (9.953000000000e+01) + sum g_i+ | measured fitness | best measured fitness or single-digit g-values | x1 | x2...
1 0 +3.109608067e+01 +1.306260807e+02 +1.306260807e+02 -2.9097e+00 -3.1525e+00 -2.6836e+00
11 0 +2.764403385e+01 +1.271740339e+02 +1.271740339e+02 +2.2741e+00 +6.7906e-01 -4.7589e+00
14 0 +7.714914131e+00 +1.072449141e+02 +1.072449141e+02 -3.6069e+00 -3.1639e+00 -4.9485e+00
55 0 +5.716228339e+00 +1.052462283e+02 +1.052462283e+02 -4.7977e+00 -3.2563e+00 -5.0000e+00
63 0 +5.240909261e+00 +1.047709093e+02 +1.047709093e+02 -1.3056e+00 -4.5109e+00 -5.0000e+00
65 0 +3.246023786e+00 +1.027760238e+02 +1.027760238e+02 -1.8719e+00 -4.9627e+00 -5.0000e+00
67 0 +7.011451097e-01 +1.002311451e+02 +1.002311451e+02 -4.2989e+00 -5.0000e+00 -5.0000e+00
100 0 +7.011451097e-01 +1.002311451e+02 +1.002311451e+02 -4.2989e+00 -5.0000e+00 -5.0000e+00
% f evaluations | g evaluations | best noise-free fitness - Fopt (1.495900000000e+02) + sum g_i+ | measured fitness | best measured fitness or single-digit g-values | x1 | x2...
1 0 +7.235832573e+01 +2.219483257e+02 +2.219483257e+02 -3.6301e+00 +4.7489e-01 +6.6788e-01
4 0 +3.025603706e+01 +1.798460371e+02 +1.798460371e+02 +2.2350e+00 +2.9455e+00 -3.3476e+00
6 0 +2.106175181e+01 +1.706517518e+02 +1.706517518e+02 -2.8187e+00 +2.9892e+00 -3.7478e+00
45 0 +1.478523045e+01 +1.643752304e+02 +1.643752304e+02 +3.9643e+00 +4.3221e+00 -4.6323e+00
67 0 +1.159679138e+01 +1.611867914e+02 +1.611867914e+02 +5.0000e+00 +4.4951e+00 -5.0000e+00
72 0 +1.000000000e+01 +1.595900000e+02 +1.595900000e+02 +5.0000e+00 +5.0000e+00 -5.0000e+00
75 0 +6.763444173e+00 +1.563534442e+02 +1.563534442e+02 +1.6610e+00 +4.9676e+00 -5.0000e+00
100 0 +6.731444302e+00 +1.563214443e+02 +1.563214443e+02 +1.7314e+00 +5.0000e+00 -5.0000e+00
% f evaluations | g evaluations | best noise-free fitness - Fopt (-1.000000000000e+03) + sum g_i+ | measured fitness | best measured fitness or single-digit g-values | x1 | x2...
1 0 +5.555439195e+01 -9.444456080e+02 -9.444456080e+02 +3.3386e+00 +3.7607e+00 -2.3811e+00
2 0 +4.816648277e+01 -9.518335172e+02 -9.518335172e+02 +1.6453e+00 -1.3713e+00 -1.6663e+00
4 0 +2.233580223e+01 -9.776641978e+02 -9.776641978e+02 -2.1993e+00 -2.2122e+00 -4.3679e+00
8 0 +1.869315218e+01 -9.813068478e+02 -9.813068478e+02 +8.5918e-01 -9.7601e-01 -4.8173e+00
55 0 +2.242846023e+00 -9.977571540e+02 -9.977571540e+02 +2.7572e+00 -5.0000e+00 -5.0000e+00
78 0 +0.000000000e+00 -1.000000000e+03 -1.000000000e+03 +5.0000e+00 -5.0000e+00 -5.0000e+00
100 0 +0.000000000e+00 -1.000000000e+03 -1.000000000e+03 +5.0000e+00 -5.0000e+00 -5.0000e+00
% f evaluations | g evaluations | best noise-free fitness - Fopt (-2.922000000000e+01) + sum g_i+ | measured fitness | best measured fitness or single-digit g-values | x1 | x2...
1 0 +8.671175096e+01 +5.749175096e+01 +5.749175096e+01 +2.6767e+00 -1.9267e+00 +1.9316e+00
3 0 +7.275362273e+01 +4.353362273e+01 +4.353362273e+01 -2.9754e+00 +3.7443e+00 -6.9230e-01
4 0 +3.945828448e+01 +1.023828448e+01 +1.023828448e+01 +2.8196e+00 -4.0297e+00 -2.1430e+00
7 0 +2.098781354e+01 -8.232186460e+00 -8.232186460e+00 -3.3217e+00 -3.6144e+00 -3.5072e+00
36 0 +1.825815548e+01 -1.096184452e+01 -1.096184452e+01 -3.9613e+00 -1.6891e+00 -4.3250e+00
51 0 +9.791953919e+00 -1.942804608e+01 -1.942804608e+01 -5.0000e+00 -1.9035e+00 -5.0000e+00
54 0 +7.119227004e+00 -2.210077300e+01 -2.210077300e+01 -3.1467e+00 -3.9938e+00 -4.7916e+00
67 0 +1.838624910e+00 -2.738137509e+01 -2.738137509e+01 -3.1614e+00 -5.0000e+00 -5.0000e+00
80 0 +7.649974802e-01 -2.845500252e+01 -2.845500252e+01 -4.2350e+00 -5.0000e+00 -5.0000e+00
100 0 +7.649974802e-01 -2.845500252e+01 -2.845500252e+01 -4.2350e+00 -5.0000e+00 -5.0000e+00
% f evaluations | g evaluations | best noise-free fitness - Fopt (-4.096000000000e+01) + sum g_i+ | measured fitness | best measured fitness or single-digit g-values | x1 | x2...
1 0 +5.318425417e+01 +1.222425417e+01 +1.222425417e+01 +6.0467e-01 +4.5283e+00 +2.7028e-01
2 0 +1.514100926e+01 -2.581899074e+01 -2.581899074e+01 +3.8140e+00 +1.1923e+00 +4.8086e+00
10 0 +1.081012288e+01 -3.014987712e+01 -3.014987712e+01 +3.6286e+00 +4.7489e+00 +4.1355e+00
51 0 +8.567087543e+00 -3.239291246e+01 -3.239291246e+01 +4.0860e+00 +4.6173e+00 +4.3557e+00
53 0 +5.797095635e-01 -4.038029044e+01 -4.038029044e+01 +4.4203e+00 +5.0000e+00 +5.0000e+00
74 0 +3.999729812e-01 -4.056002702e+01 -4.056002702e+01 +4.7448e+00 +4.9542e+00 +5.0000e+00
100 0 +3.999729812e-01 -4.056002702e+01 -4.056002702e+01 +4.7448e+00 +4.9542e+00 +5.0000e+00
