% f evaluations | g evaluations | best noise-free fitness - Fopt (-9.210000000000e+00) + sum g_i+ | measured fitness | best measured fitness or single-digit g-values | x1 | x2...
1 0 +2.304414373e+02 +2.212314373e+02 +2.212314373e+02
2 0 +1.257540854e+02 +1.165440854e+02 +1.165440854e+02
53 0 +8.703947652e+01 +7.782947652e+01 +7.782947652e+01
103 0 +3.474266880e+01 +2.553266880e+01 +2.553266880e+01
105 0 +1.442234943e+01 +5.212349431e+00 +5.212349431e+00
110 0 +1.157087602e+01 +2.360876019e+00 +2.360876019e+00
134 0 +9.830532204e+00 +6.205322041e-01 +6.205322041e-01
147 0 +5.474707385e+00 -3.735292615e+00 -3.735292615e+00
157 0 +2.443275755e+00 -6.766724245e+00 -6.766724245e+00
160 0 +0.000000000e+00 -9.210000000e+00 -9.210000000e+00
250 0 +0.000000000e+00 -9.210000000e+00 -9.210000000e+00
% f evaluations | g evaluations | best noise-free fitness - Fopt (6.559900000000e+02) + sum g_i+ | measured fitness | best measured fitness or single-digit g-values | x1 | x2...
1 0 +2.188708865e+02 +8.748608865e+02 +8.748608865e+02
9 0 +2.173392964e+02 +8.733292964e+02 +8.733292964e+02
11 0 +1.619132971e+02 +8.179032971e+02 +8.179032971e+02
17 0 +1.259363100e+02 +7.819263100e+02 +7.819263100e+02
31 0 +1.189744149e+02 +7.749644149e+02 +7.749644149e+02
54 0 +8.010154884e+01 +7.360915488e+02 +7.360915488e+02
97 0 +7.789979938e+01 +7.338897994e+02 +7.338897994e+02
101 0 +6.561471118e+01 +7.216047112e+02 +7.216047112e+02
102 0 +6.254267053e+01 +7.185326705e+02 +7.185326705e+02
104 0 +5.184001336e+01 +7.078300134e+02 +7.078300134e+02
119 0 +4.436668107e+01 +7.003566811e+02 +7.003566811e+02
142 0 +3.779526486e+01 +6.937852649e+02 +6.937852649e+02
250 0 +3.593813664e+01 +6.919281366e+02 +6.919281366e+02
% f evaluations | g evaluations | best noise-free fitness - Fopt (6.671000000000e+01) + sum g_i+ | measured fitness | best measured fitness or single-digit g-values | x1 | x2...
1 0 +2.419200861e+02 +3.086300861e+02 +3.086300861e+02
2 0 +1.516698465e+02 +2.183798465e+02 +2.183798465e+02
13 0 +1.372149193e+02 +2.039249193e+02 +2.039249193e+02
14 0 +1.168193248e+02 +1.835293248e+02 +1.835293248e+02
40 0 +9.700999742e+01 +1.637199974e+02 +1.637199974e+02
75 0 +6.900580248e+01 +1.357158025e+02 +1.357158025e+02
101 0 +5.273003744e+01 +1.194400374e+02 +1.194400374e+02
112 0 +4.333063170e+01 +1.100406317e+02 +1.100406317e+02
137 0 +3.902893034e+01 +1.057389303e+02 +1.057389303e+02
142 0 +2.984009262e+01 +9.655009262e+01 +9.655009262e+01
162 0 +2.071516076e+01 +8.742516076e+01 +8.742516076e+01
166 0 +1.180923739e+01 +7.851923739e+01 +7.851923739e+01
168 0 +1.047588882e+01 +7.718588882e+01 +7.718588882e+01
185 0 +8.892099464e+00 +7.560209946e+01 +7.560209946e+01
188 0 +5.948413172e+00 +7.265841317e+01 +7.265841317e+01
196 0 +4.843848176e+00 +7.155384818e+01 +7.155384818e+01
201 0 +1.499222934e+00 +6.820922293e+01 +6.820922293e+01
212 0 +7.114636618e-01 +6.742146366e+01 +6.742146366e+01
225 0 +0.000000000e+00 +6.671000000e+01 +6.671000000e+01
250 0 +0.000000000e+00 +6.671000000e+01 +6.671000000e+01
% f evaluations | g evaluations | best noise-free fitness - Fopt (9.416700000000e+02) + sum g_i+ | measured fitness | best measured fitness or single-digit g-values | x1 | x2...
1 0 +2.951776732e+02 +1.236847673e+03 +1.236847673e+03
2 0 +2.346891064e+02 +1.176359106e+03 +1.176359106e+03
3 0 +1.969233325e+02 +1.138593332e+03 +1.138593332e+03
14 0 +1.559237840e+02 +1.097593784e+03 +1.097593784e+03
21 0 +1.142875341e+02 +1.055957534e+03 +1.055957534e+03
27 0 +1.096498768e+02 +1.051319877e+03 +1.051319877e+03
45 0 +9.962960621e+01 +1.041299606e+03 +1.041299606e+03
54 0 +6.849914211e+01 +1.010169142e+03 +1.010169142e+03
81 0 +5.901009754e+01 +1.000680098e+03 +1.000680098e+03
97 0 +3.796068806e+01 +9.796306881e+02 +9.796306881e+02
106 0 +3.226246318e+01 +9.739324632e+02 +9.739324632e+02
110 0 +2.528249416e+01 +9.669524942e+02 +9.669524942e+02
114 0 +1.374872456e+01 +9.554187246e+02 +9.554187246e+02
122 0 +5.033277074e+00 +9.467032771e+02 +9.467032771e+02
150 0 +4.481360326e+00 +9.461513603e+02 +9.461513603e+02
160 0 +6.896250788e-01 +9.423596251e+02 +9.423596251e+02
169 0 +0.000000000e+00 +9.416700000e+02 +9.416700000e+02
250 0 +0.000000000e+00 +9.416700000e+02 +9.416700000e+02
% f evaluations | g evaluations | best noise-free fitness - Fopt (-3.745000000000e+01) + sum g_i+ | measured fitness | best measured fitness or single-digit g-values | x1 | x2...
1 0 +2.652941297e+02 +2.278441297e+02 +2.278441297e+02
2 0 +1.945914652e+02 +1.571414652e+02 +1.571414652e+02
4 0 +1.730158790e+02 +1.355658790e+02 +1.355658790e+02
8 0 +1.547275117e+02 +1.172775117e+02 +1.172775117e+02
15 0 +1.378101827e+02 +1.003601827e+02 +1.003601827e+02
51 0 +1.022165229e+02 +6.476652292e+01 +6.476652292e+01
61 0 +9.518477514e+01 +5.773477514e+01 +5.773477514e+01
90 0 +7.553202382e+01 +3.808202382e+01 +3.808202382e+01
101 0 +7.010590189e+01 +3.265590189e+01 +3.265590189e+01
115 0 +5.681205462e+01 +1.936205462e+01 +1.936205462e+01
121 0 +5.564998074e+01 +1.819998074e+01 +1.819998074e+01
125 0 +4.577228161e+01 +8.322281605e+00 +8.322281605e+00
129 0 +4.453111416e+01 +7.081114156e+00 +7.081114156e+00
142 0 +3.721241789e+01 -2.375821128e-01 -2.375821128e-01
152 0 +2.454657799e+01 -1.290342201e+01 -1.290342201e+01
159 0 +1.999222906e+01 -1.745777094e+01 -1.745777094e+01
174 0 +1.545439982e+01 -2.199560018e+01 -2.199560018e+01
184 0 +1.200497887e+01 -2.544502113e+01 -2.544502113e+01
205 0 +1.081294718e+01 -2.663705282e+01 -2.663705282e+01
209 0 +3.442145771e-01 -3.710578542e+01 -3.710578542e+01
216 0 +0.000000000e+00 -3.745000000e+01 -3.745000000e+01
250 0 +0.000000000e+00 -3.745000000e+01 -3.745000000e+01
% f evaluations | g evaluations | best noise-free fitness - Fopt (-6.639000000000e+01) + sum g_i+ | measured fitness | best measured fitness or single-digit g-values | x1 | x2...
1 0 +1.400202946e+02 +7.363029459e+01 +7.363029459e+01
4 0 +1.383279444e+02 +7.193794441e+01 +7.193794441e+01
21 0 +8.258014360e+01 +1.619014360e+01 +1.619014360e+01
68 0 +7.393714966e+01 +7.547149661e+00 +7.547149661e+00
69 0 +6.013244912e+01 -6.257550878e+00 -6.257550878e+00
79 0 +5.549790955e+01 -1.089209045e+01 -1.089209045e+01
85 0 +4.887921596e+01 -1.751078404e+01 -1.751078404e+01
101 0 +3.824822460e+01 -2.814177540e+01 -2.814177540e+01
102 0 +2.468033214e+01 -4.170966786e+01 -4.170966786e+01
117 0 +1.941140112e+01 -4.697859888e+01 -4.697859888e+01
120 0 +1.297101545e+01 -5.341898455e+01 -5.341898455e+01
123 0 +4.178135007e+00 -6.221186499e+01 -6.221186499e+01
137 0 +0.000000000e+00 -6.639000000e+01 -6.639000000e+01
250 0 +0.000000000e+00 -6.639000000e+01 -6.639000000e+01
% f evaluations | g evaluations | best noise-free fitness - Fopt (-2.260100000000e+02) + sum g_i+ | measured fitness | best measured fitness or single-digit g-values | x1 | x2...
1 0 +1.860984262e+02 -3.991157378e+01 -3.991157378e+01
4 0 +1.395013374e+02 -8.650866260e+01 -8.650866260e+01
23 0 +1.247949055e+02 -1.012150945e+02 -1.012150945e+02
52 0 +1.045875678e+02 -1.214224322e+02 -1.214224322e+02
54 0 +7.879900583e+01 -1.472109942e+02 -1.472109942e+02
55 0 +6.454533747e+01 -1.614646625e+02 -1.614646625e+02
69 0 +5.722260569e+01 -1.687873943e+02 -1.687873943e+02
103 0 +5.281814491e+01 -1.731918551e+02 -1.731918551e+02
106 0 +4.995470213e+01 -1.760552979e+02 -1.760552979e+02
112 0 +3.128092804e+01 -1.947290720e+02 -1.947290720e+02
118 0 +2.096679242e+01 -2.050432076e+02 -2.050432076e+02
122 0 +1.876784573e+01 -2.072421543e+02 -2.072421543e+02
131 0 +1.692158044e+01 -2.090884196e+02 -2.090884196e+02
137 0 +1.306953205e+01 -2.129404680e+02 -2.129404680e+02
169 0 +1.203461994e+01 -2.139753801e+02 -2.139753801e+02
171 0 +6.448217918e+00 -2.195617821e+02 -2.195617821e+02
173 0 +6.084081650e+00 -2.199259184e+02 -2.199259184e+02
174 0 +3.616121236e+00 -2.223938788e+02 -2.223938788e+02
178 0 +0.000000000e+00 -2.260100000e+02 -2.260100000e+02
250 0 +0.000000000e+00 -2.260100000e+02 -2.260100000e+02
% f evaluations | g evaluations | best noise-free fitness - Fopt (1.000000000000e+03) + sum g_i+ | measured fitness | best measured fitness or single-digit g-values | x1 | x2...
1 0 +2.633555870e+02 +1.263355587e+03 +1.263355587e+03
2 0 +1.376753529e+02 +1.137675353e+03 +1.137675353e+03
4 0 +1.174791939e+02 +1.117479194e+03 +1.117479194e+03
9 0 +1.076703821e+02 +1.107670382e+03 +1.107670382e+03
52 0 +9.021393284e+01 +1.090213933e+03 +1.090213933e+03
60 0 +6.660077935e+01 +1.066600779e+03 +1.066600779e+03
98 0 +6.283706584e+01 +1.062837066e+03 +1.062837066e+03
110 0 +4.672369350e+01 +1.046723693e+03 +1.046723693e+03
115 0 +2.189088107e+01 +1.021890881e+03 +1.021890881e+03
117 0 +1.734537721e+01 +1.017345377e+03 +1.017345377e+03
148 0 +1.487468548e+01 +1.014874685e+03 +1.014874685e+03
167 0 +1.284606389e+01 +1.012846064e+03 +1.012846064e+03
170 0 +9.774626271e+00 +1.009774626e+03 +1.009774626e+03
172 0 +1.643812328e+00 +1.001643812e+03 +1.001643812e+03
180 0 +0.000000000e+00 +1.000000000e+03 +1.000000000e+03
250 0 +0.000000000e+00 +1.000000000e+03 +1.000000000e+03
% f evaluations | g evaluations | best noise-free fitness - Fopt (-1.830200000000e+02) + sum g_i+ | measured fitness | best measured fitness or single-digit g-values | x1 | x2...
1 0 +2.450360956e+02 +6.201609559e+01 +6.201609559e+01
4 0 +2.307693180e+02 +4.774931803e+01 +4.774931803e+01
5 0 +1.953058884e+02 +1.228588843e+01 +1.228588843e+01
6 0 +1.632756630e+02 -1.974433704e+01 -1.974433704e+01
17 0 +1.564185031e+02 -2.660149693e+01 -2.660149693e+01
31 0 +1.043677032e+02 -7.865229675e+01 -7.865229675e+01
68 0 +9.074570548e+01 -9.227429452e+01 -9.227429452e+01
75 0 +8.853285391e+01 -9.448714609e+01 -9.448714609e+01
90 0 +7.079058205e+01 -1.122294180e+02 -1.122294180e+02
104 0 +6.056098297e+01 -1.224590170e+02 -1.224590170e+02
111 0 +3.933743220e+01 -1.436825678e+02 -1.436825678e+02
121 0 +2.818152096e+01 -1.548384790e+02 -1.548384790e+02
124 0 +1.752432479e+01 -1.654956752e+02 -1.654956752e+02
150 0 +1.352221490e+01 -1.694977851e+02 -1.694977851e+02
154 0 +9.334484526e+00 -1.736855155e+02 -1.736855155e+02
164 0 +6.574252216e+00 -1.764457478e+02 -1.764457478e+02
168 0 +5.771546386e+00 -1.772484536e+02 -1.772484536e+02
172 0 +3.519304984e+00 -1.795006950e+02 -1.795006950e+02
182 0 +0.000000000e+00 -1.830200000e+02 -1.830200000e+02
250 0 +0.000000000e+00 -1.830200000e+02 -1.830200000e+02
% f evaluations | g evaluations | best noise-free fitness - Fopt (-1.026200000000e+02) + sum g_i+ | measured fitness | best measured fitness or single-digit g-values | x1 | x2...
1 0 +1.987646444e+02 +9.614464442e+01 +9.614464442e+01
2 0 +1.984398624e+02 +9.581986240e+01 +9.581986240e+01
3 0 +1.502598891e+02 +4.763988908e+01 +4.763988908e+01
17 0 +1.089625844e+02 +6.342584440e+00 +6.342584440e+00
29 0 +9.616274719e+01 -6.457252814e+00 -6.457252814e+00
60 0 +7.732766716e+01 -2.529233284e+01 -2.529233284e+01
91 0 +6.418113945e+01 -3.843886055e+01 -3.843886055e+01
103 0 +5.378470798e+01 -4.883529202e+01 -4.883529202e+01
111 0 +4.869533338e+01 -5.392466662e+01 -5.392466662e+01
113 0 +4.312670672e+01 -5.949329328e+01 -5.949329328e+01
118 0 +2.917722125e+01 -7.344277875e+01 -7.344277875e+01
120 0 +2.666832628e+01 -7.595167372e+01 -7.595167372e+01
132 0 +2.360588546e+01 -7.901411454e+01 -7.901411454e+01
148 0 +2.163927520e+01 -8.098072480e+01 -8.098072480e+01
201 0 +1.987206286e+01 -8.274793714e+01 -8.274793714e+01
248 0 +1.639615820e+01 -8.622384180e+01 -8.622384180e+01
250 0 +1.639615820e+01 -8.622384180e+01 -8.622384180e+01
% f evaluations | g evaluations | best noise-free fitness - Fopt (9.953000000000e+01) + sum g_i+ | measured fitness | best measured fitness or single-digit g-values | x1 | x2...
1 0 +2.381757412e+02 +3.377057412e+02 +3.377057412e+02
2 0 +1.881066792e+02 +2.876366792e+02 +2.876366792e+02
5 0 +1.605104953e+02 +2.600404953e+02 +2.600404953e+02
9 0 +1.231358433e+02 +2.226658433e+02 +2.226658433e+02
55 0 +9.643090421e+01 +1.959609042e+02 +1.959609042e+02
83 0 +8.417228065e+01 +1.837022806e+02 +1.837022806e+02
88 0 +6.407598104e+01 +1.636059810e+02 +1.636059810e+02
103 0 +4.424552203e+01 +1.437755220e+02 +1.437755220e+02
110 0 +3.314725465e+01 +1.326772546e+02 +1.326772546e+02
116 0 +2.707626627e+01 +1.266062663e+02 +1.266062663e+02
133 0 +2.359835497e+01 +1.231283550e+02 +1.231283550e+02
137 0 +8.858003157e+00 +1.083880032e+02 +1.083880032e+02
145 0 +3.780126865e+00 +1.033101269e+02 +1.033101269e+02
166 0 +2.520762697e+00 +1.020507627e+02 +1.020507627e+02
184 0 +0.000000000e+00 +9.953000000e+01 +9.953000000e+01
250 0 +0.000000000e+00 +9.953000000e+01 +9.953000000e+01
% f evaluations | g evaluations | best noise-free fitness - Fopt (1.495900000000e+02) + sum g_i+ | measured fitness | best measured fitness or single-digit g-values | x1 | x2...
1 0 +1.365435047e+02 +2.861335047e+02 +2.861335047e+02
12 0 +1.303624945e+02 +2.799524945e+02 +2.799524945e+02
41 0 +1.242535613e+02 +2.738435613e+02 +2.738435613e+02
48 0 +9.115075707e+01 +2.407407571e+02 +2.407407571e+02
58 0 +8.802572288e+01 +2.376157229e+02 +2.376157229e+02
65 0 +7.816460056e+01 +2.277546006e+02 +2.277546006e+02
78 0 +6.572308481e+01 +2.153130848e+02 +2.153130848e+02
93 0 +5.792698156e+01 +2.075169816e+02 +2.075169816e+02
97 0 +4.905382296e+01 +1.986438230e+02 +1.986438230e+02
104 0 +2.363991833e+01 +1.732299183e+02 +1.732299183e+02
106 0 +1.903183503e+01 +1.686218350e+02 +1.686218350e+02
125 0 +8.096830783e+00 +1.576868308e+02 +1.576868308e+02
152 0 +7.672522751e+00 +1.572625228e+02 +1.572625228e+02
154 0 +5.006318510e+00 +1.545963185e+02 +1.545963185e+02
155 0 +3.690207708e+00 +1.532802077e+02 +1.532802077e+02
156 0 +1.469631378e+00 +1.510596314e+02 +1.510596314e+02
157 0 +4.463332344e-01 +1.500363332e+02 +1.500363332e+02
175 0 +0.000000000e+00 +1.495900000e+02 +1.495900000e+02
250 0 +0.000000000e+00 +1.495900000e+02 +1.495900000e+02
% f evaluations | g evaluations | best noise-free fitness - Fopt (-1.000000000000e+03) + sum g_i+ | measured fitness | best measured fitness or single-digit g-values | x1 | x2...
1 0 +2.112336569e+02 -7.887663431e+02 -7.887663431e+02
3 0 +1.670541941e+02 -8.329458059e+02 -8.329458059e+02
13 0 +1.326753348e+02 -8.673246652e+02 -8.673246652e+02
51 0 +1.180192929e+02 -8.819807071e+02 -8.819807071e+02
52 0 +9.196030277e+01 -9.080396972e+02 -9.080396972e+02
53 0 +7.935689601e+01 -9.206431040e+02 -9.206431040e+02
71 0 +5.845460677e+01 -9.415453932e+02 -9.415453932e+02
83 0 +5.219862858e+01 -9.478013714e+02 -9.478013714e+02
106 0 +4.695971793e+01 -9.530402821e+02 -9.530402821e+02
109 0 +3.744520904e+01 -9.625547910e+02 -9.625547910e+02
110 0 +3.095604169e+01 -9.690439583e+02 -9.690439583e+02
121 0 +2.239506831e+01 -9.776049317e+02 -9.776049317e+02
122 0 +1.018534776e+01 -9.898146522e+02 -9.898146522e+02
123 0 +9.447478187e+00 -9.905525218e+02 -9.905525218e+02
124 0 +2.272932301e+00 -9.977270677e+02 -9.977270677e+02
156 0 +1.713386136e+00 -9.982866139e+02 -9.982866139e+02
157 0 +9.866353137e-01 -9.990133647e+02 -9.990133647e+02
172 0 +0.000000000e+00 -1.000000000e+03 -1.000000000e+03
250 0 +0.000000000e+00 -1.000000000e+03 -1.000000000e+03
% f evaluations | g evaluations | best noise-free fitness - Fopt (-2.922000000000e+01) + sum g_i+ | measured fitness | best measured fitness or single-digit g-values | x1 | x2...
1 0 +1.726301483e+02 +1.434101483e+02 +1.434101483e+02
2 0 +1.437121910e+02 +1.144921910e+02 +1.144921910e+02
10 0 +1.120992305e+02 +8.287923048e+01 +8.287923048e+01
52 0 +9.142993104e+01 +6.220993104e+01 +6.220993104e+01
55 0 +7.903621132e+01 +4.981621132e+01 +4.981621132e+01
100 0 +6.395192330e+01 +3.473192330e+01 +3.473192330e+01
101 0 +2.778588819e+01 -1.434111807e+00 -1.434111807e+00
105 0 +6.730331386e+00 -2.248966861e+01 -2.248966861e+01
155 0 +5.880527965e+00 -2.333947204e+01 -2.333947204e+01
163 0 +5.387307713e+00 -2.383269229e+01 -2.383269229e+01
176 0 +2.080665542e+00 -2.713933446e+01 -2.713933446e+01
181 0 +6.727913648e-01 -2.854720864e+01 -2.854720864e+01
182 0 +0.000000000e+00 -2.922000000e+01 -2.922000000e+01
250 0 +0.000000000e+00 -2.922000000e+01 -2.922000000e+01
% f evaluations | g evaluations | best noise-free fitness - Fopt (-4.096000000000e+01) + sum g_i+ | measured fitness | best measured fitness or single-digit g-values | x1 | x2...
1 0 +2.254674068e+02 +1.845074068e+02 +1.845074068e+02
2 0 +1.537978848e+02 +1.128378848e+02 +1.128378848e+02
4 0 +9.604502022e+01 +5.508502022e+01 +5.508502022e+01
53 0 +8.653340511e+01 +4.557340511e+01 +4.557340511e+01
54 0 +7.589864943e+01 +3.493864943e+01 +3.493864943e+01
72 0 +6.214512312e+01 +2.118512312e+01 +2.118512312e+01
101 0 +4.010215528e+01 -8.578447186e-01 -8.578447186e-01
107 0 +2.470568234e+01 -1.625431766e+01 -1.625431766e+01
115 0 +2.087388876e+01 -2.008611124e+01 -2.008611124e+01
125 0 +9.532776492e+00 -3.142722351e+01 -3.142722351e+01
172 0 +8.658291756e+00 -3.230170824e+01 -3.230170824e+01
175 0 +6.613436374e+00 -3.434656363e+01 -3.434656363e+01
198 0 +6.009779090e+00 -3.495022091e+01 -3.495022091e+01
201 0 +4.887002447e+00 -3.607299755e+01 -3.607299755e+01
205 0 +2.145122881e+00 -3.881487712e+01 -3.881487712e+01
209 0 +7.825780493e-01 -4.017742195e+01 -4.017742195e+01
210 0 +0.000000000e+00 -4.096000000e+01 -4.096000000e+01
250 0 +0.000000000e+00 -4.096000000e+01 -4.096000000e+01
