% f evaluations | g evaluations | best noise-free fitness - Fopt (2.997000000000e+01) + sum g_i+ | measured fitness | best measured fitness or single-digit g-values | x1 | x2...
1 0 +1.831939213e+03 +1.861909213e+03 +1.861909213e+03 +4.0501e+00 +4.5945e+00 -3.7012e-01 +3.2453e+00 -4.5828e+00
3 0 +1.622783859e+03 +1.652753859e+03 +1.652753859e+03 -3.4935e+00 -4.0845e+00 -3.6144e+00 +1.5371e+00 -2.3539e+00
4 0 +8.347396233e+02 +8.647096233e+02 +8.647096233e+02 +3.6951e+00 -4.5616e+00 -3.2756e+00 +8.0900e-01 +1.5858e+00
7 0 +7.207434545e+02 +7.507134545e+02 +7.507134545e+02 +4.1866e+00 +4.2328e-02 -3.2529e+00 -7.3907e-01 +9.7362e-01
11 0 +4.872653612e+02 +5.172353612e+02 +5.172353612e+02 -1.2579e+00 +1.6000e+00 -2.4144e+00 -2.8302e+00 +6.4200e-01
27 0 +2.261746928e+02 +2.561446928e+02 +2.561446928e+02 +9.5904e-01 +2.6497e-01 -2.5471e+00 -1.8725e+00 +3.9761e+00
100 0 +1.909966082e+02 +2.209666082e+02 +2.209666082e+02 +9.8560e-01 -1.1455e+00 -3.5348e+00 -2.3722e+00 +2.0101e+00
111 0 +1.467900587e+02 +1.767600587e+02 +1.767600587e+02 +1.8570e+00 -2.6582e+00 -4.0561e+00 -2.0665e+00 +2.1702e+00
150 0 +1.467900587e+02 +1.767600587e+02 +1.767600587e+02 +1.8570e+00 -2.6582e+00 -4.0561e+00 -2.0665e+00 +2.1702e+00
% f evaluations | g evaluations | best noise-free fitness - Fopt (-5.171000000000e+01) + sum g_i+ | measured fitness | best measured fitness or single-digit g-values | x1 | x2...
1 0 +1.614199301e+03 +1.562489301e+03 +1.562489301e+03 +1.7047e+00 -2.3122e+00 +2.7089e+00 -1.2447e-01 +2.7852e+00
2 0 +1.516857466e+03 +1.465147466e+03 +1.465147466e+03 -3.8873e+00 +2.1486e+00 -2.9891e+00 -3.5555e-01 +2.1678e+00
3 0 +1.097974504e+03 +1.046264504e+03 +1.046264504e+03 -5.2374e-01 +7.1377e-03 -4.4488e-01 -3.4610e+00 +8.1804e-02
21 0 +7.601255396e+02 +7.084155396e+02 +7.084155396e+02 +1.6292e+00 -3.2103e+00 -3.1592e+00 -2.2755e+00 +3.4419e+00
25 0 +5.262105383e+02 +4.745005383e+02 +4.745005383e+02 +2.2457e+00 +4.8495e+00 -4.7501e+00 -3.3170e+00 +3.5231e+00
51 0 +3.950968133e+02 +3.433868133e+02 +3.433868133e+02 +1.7303e+00 +5.1944e-01 -5.0000e+00 -1.1570e+00 +3.2470e+00
58 0 +1.908942372e+02 +1.391842372e+02 +1.391842372e+02 +1.5550e+00 +1.2482e+00 -5.0000e+00 -3.0828e+00 +2.8323e+00
109 0 +1.717428907e+02 +1.200328907e+02 +1.200328907e+02 +1.6994e+00 +1.2131e+00 -5.0000e+00 -2.7614e+00 +3.4693e+00
150 0 +1.717428907e+02 +1.200328907e+02 +1.200328907e+02 +1.6994e+00 +1.2131e+00 -5.0000e+00 -2.7614e+00 +3.4693e+00
% f evaluations | g evaluations | best noise-free fitness - Fopt (-2.799500000000e+02) + sum g_i+ | measured fitness | best measured fitness or single-digit g-values | x1 | x2...
1 0 +2.945660891e+03 +2.665710891e+03 +2.665710891e+03 -3.6992e+00 +3.9877e+00 -3.0378e+00 -4.6371e+00 +4.8353e+00
3 0 +1.317930556e+03 +1.037980556e+03 +1.037980556e+03 -7.2592e-01 -2.5928e+00 +3.0583e+00 +4.2905e+00 +1.9275e+00
9 0 +1.252509981e+03 +9.725599808e+02 +9.725599808e+02 -1.4794e+00 -4.5898e+00 -4.7865e+00 +2.6492e+00 +8.7631e-01
26 0 +1.008944121e+03 +7.289941208e+02 +7.289941208e+02 +8.5403e-01 -4.9380e+00 -1.2149e+00 +1.7771e-01 -1.2165e+00
45 0 +7.104481334e+02 +4.304981334e+02 +4.304981334e+02 -1.7436e+00 -3.6303e+00 +3.6673e+00 -3.4586e+00 -4.5247e+00
50 0 +6.910562739e+02 +4.111062739e+02 +4.111062739e+02 -3.4553e+00 -2.4409e+00 +4.3543e+00 -4.1710e+00 -3.4860e+00
56 0 +4.722179630e+02 +1.922679630e+02 +1.922679630e+02 -3.2632e+00 -2.3930e+00 +4.2894e+00 -8.5406e-03 -3.4812e+00
66 0 +3.999358801e+02 +1.199858801e+02 +1.199858801e+02 -5.0000e+00 -4.2399e+00 +4.0477e+00 -5.1431e-02 -2.3751e+00
68 0 +2.786109522e+02 -1.339047768e+00 -1.339047768e+00 -3.3653e+00 -4.1681e+00 +4.2073e+00 -9.9725e-01 -1.7762e+00
90 0 +1.521099381e+02 -1.278400619e+02 -1.278400619e+02 -2.4967e+00 -5.0000e+00 +2.6993e+00 -8.3034e-01 -3.6666e+00
150 0 +1.521099381e+02 -1.278400619e+02 -1.278400619e+02 -2.4967e+00 -5.0000e+00 +2.6993e+00 -8.3034e-01 -3.6666e+00
% f evaluations | g evaluations | best noise-free fitness - Fopt (9.319900000000e+02) + sum g_i+ | measured fitness | best measured fitness or single-digit g-values | x1 | x2...
1 0 +1.687997254e+03 +2.619987254e+03 +2.619987254e+03 +6.8564e-01 +6.9363e-01 +6.4064e-01 +2.4958e+00 -4.6700e+00
2 0 +5.616156945e+02 +1.493605694e+03 +1.493605694e+03 +2.3255e+00 -1.7403e+00 +4.3475e+00 +1.5601e+00 +2.1355e+00
7 0 +4.486331307e+02 +1.380623131e+03 +1.380623131e+03 +2.7479e+00 +3.7648e+00 +2.9389e+00 -9.9629e-01 +1.7558e+00
23 0 +2.285278352e+02 +1.160517835e+03 +1.160517835e+03 +2.0831e+00 +2.2218e-01 +3.8251e+00 +4.8951e-01 +2.7963e+00
73 0 +2.088175915e+02 +1.140807592e+03 +1.140807592e+03 +2.0900e+00 +8.7017e-01 +3.8881e+00 +8.0724e-01 +2.7347e+00
94 0 +1.216847335e+02 +1.053674733e+03 +1.053674733e+03 +2.2866e+00 +1.5586e+00 +4.6084e+00 +1.1443e+00 +1.5448e+00
150 0 +1.216847335e+02 +1.053674733e+03 +1.053674733e+03 +2.2866e+00 +1.5586e+00 +4.6084e+00 +1.1443e+00 +1.5448e+00
% f evaluations | g evaluations | best noise-free fitness - Fopt (1.133100000000e+02) + sum g_i+ | measured fitness | best measured fitness or single-digit g-values | x1 | x2...
1 0 +6.549367040e+02 +7.682467040e+02 +7.682467040e+02 +4.8561e+00 +7.4218e-01 -7.4508e-01 +2.4383e+00 -9.8241e-01
6 0 +4.562784670e+02 +5.695884670e+02 +5.695884670e+02 +9.4830e-01 +1.2857e+00 -1.9467e+00 -1.4344e+00 +1.4257e+00
54 0 +3.751642303e+02 +4.884742303e+02 +4.884742303e+02 +1.0605e+00 +1.2165e+00 -1.9584e-01 +1.1654e+00 +1.3163e+00
61 0 +2.893682473e+02 +4.026782473e+02 +4.026782473e+02 +1.2379e+00 +7.8420e-01 -7.8991e-01 +5.1548e-01 +1.4588e+00
79 0 +2.300075773e+02 +3.433175773e+02 +3.433175773e+02 +2.9473e+00 +8.6178e-01 -9.2678e-01 -1.0551e-02 +1.4338e+00
114 0 +1.336325783e+02 +2.469425783e+02 +2.469425783e+02 +2.4326e+00 +1.6237e+00 -8.0570e-01 +1.0629e+00 +5.1632e-01
150 0 +1.336325783e+02 +2.469425783e+02 +2.469425783e+02 +2.4326e+00 +1.6237e+00 -8.0570e-01 +1.0629e+00 +5.1632e-01
% f evaluations | g evaluations | best noise-free fitness - Fopt (2.849000000000e+01) + sum g_i+ | measured fitness | best measured fitness or single-digit g-values | x1 | x2...
1 0 +6.903304198e+02 +7.188204198e+02 +7.188204198e+02 +5.3865e-01 +2.2970e+00 +6.0416e-01 -4.3488e+00 -2.2718e+00
56 0 +6.515324595e+02 +6.800224595e+02 +6.800224595e+02 +5.6234e-01 +2.2104e+00 +1.8738e+00 -4.4533e+00 -1.2494e+00
58 0 +5.440711961e+02 +5.725611961e+02 +5.725611961e+02 -6.9872e-01 +1.6806e+00 +1.5839e+00 -5.0000e+00 -3.6561e+00
60 0 +4.992749778e+02 +5.277649778e+02 +5.277649778e+02 +7.5704e-02 +1.6235e+00 +1.8330e+00 -5.0000e+00 +8.4287e-01
76 0 +4.118548862e+02 +4.403448862e+02 +4.403448862e+02 -2.0739e+00 +8.4677e-01 +9.4942e-01 -3.8840e+00 +8.9181e-01
82 0 +3.524448830e+02 +3.809348830e+02 +3.809348830e+02 -2.3820e+00 -3.0788e-01 +6.2735e-01 -3.1031e+00 -2.7721e-01
104 0 +2.532996121e+02 +2.817896121e+02 +2.817896121e+02 -4.8557e-01 -6.7516e-01 +1.4279e+00 -5.0000e+00 -1.8394e+00
148 0 +2.293995659e+02 +2.578895659e+02 +2.578895659e+02 -8.5619e-01 -4.3126e-01 +1.0124e+00 -5.0000e+00 -1.2263e+00
150 0 +2.293995659e+02 +2.578895659e+02 +2.578895659e+02 -8.5619e-01 -4.3126e-01 +1.0124e+00 -5.0000e+00 -1.2263e+00
% f evaluations | g evaluations | best noise-free fitness - Fopt (-7.405800000000e+02) + sum g_i+ | measured fitness | best measured fitness or single-digit g-values | x1 | x2...
1 0 +1.684608494e+03 +9.440284941e+02 +9.440284941e+02 -3.1378e+00 -6.6807e-01 +2.9972e+00 +1.2790e+00 +4.2138e+00
3 0 +8.564925777e+02 +1.159125777e+02 +1.159125777e+02 -4.1655e+00 +6.5702e-01 -1.1094e+00 -2.0767e+00 +2.6304e+00
11 0 +5.888760550e+02 -1.517039450e+02 -1.517039450e+02 +9.8163e-01 -4.8272e-01 -8.7789e-01 -9.0860e-01 +2.0558e+00
13 0 +2.147843758e+02 -5.257956242e+02 -5.257956242e+02 -1.1235e+00 +2.4245e-01 -2.8132e+00 -5.7562e-02 +6.1246e-01
124 0 +1.986161115e+02 -5.419638885e+02 -5.419638885e+02 -2.3195e+00 +1.0489e+00 -3.7844e+00 -3.7652e-01 -3.3987e-01
150 0 +1.986161115e+02 -5.419638885e+02 -5.419638885e+02 -2.3195e+00 +1.0489e+00 -3.7844e+00 -3.7652e-01 -3.3987e-01
% f evaluations | g evaluations | best noise-free fitness - Fopt (-5.177000000000e+01) + sum g_i+ | measured fitness | best measured fitness or single-digit g-values | x1 | x2...
1 0 +1.193750303e+03 +1.141980303e+03 +1.141980303e+03 +1.1519e+00 +1.1551e+00 +2.1931e+00 -2.0127e+00 -3.7469e+00
13 0 +1.018583532e+03 +9.668135316e+02 +9.668135316e+02 +1.8857e+00 +3.3167e+00 -3.1478e+00 -3.1795e-01 +2.0881e+00
14 0 +4.919991247e+02 +4.402291247e+02 +4.402291247e+02 -1.3667e+00 +2.8155e+00 -1.6537e+00 -3.2252e+00 +3.0248e+00
52 0 +4.337982611e+02 +3.820282611e+02 +3.820282611e+02 -1.4548e+00 +2.3231e+00 +5.4481e-01 -2.0415e+00 +1.2051e+00
54 0 +3.872254008e+02 +3.354554008e+02 +3.354554008e+02 -8.2184e-01 +4.3042e+00 -2.3776e-01 -4.3016e+00 +2.2558e+00
114 0 +3.161062400e+02 +2.643362400e+02 +2.643362400e+02 -7.4434e-01 +4.3975e+00 +3.6079e-01 -4.5232e+00 +4.0682e+00
150 0 +3.161062400e+02 +2.643362400e+02 +2.643362400e+02 -7.4434e-01 +4.3975e+00 +3.6079e-01 -4.5232e+00 +4.0682e+00
% f evaluations | g evaluations | best noise-free fitness - Fopt (-2.229800000000e+02) + sum g_i+ | measured fitness | best measured fitness or single-digit g-values | x1 | x2...
1 0 +1.826654461e+03 +1.603674461e+03 +1.603674461e+03 +3.6741e+00 -2.5137e+00 +9.0127e-01 -3.2241e+00 -5.5028e-01
2 0 +1.371691366e+03 +1.148711366e+03 +1.148711366e+03 +7.1517e-01 +4.6522e+00 -2.7647e+00 -4.9979e-01 -2.7723e+00
10 0 +8.936888072e+02 +6.707088072e+02 +6.707088072e+02 +2.7318e+00 +2.1669e+00 +1.1212e+00 +3.2686e+00 -2.3308e+00
23 0 +7.764991566e+02 +5.535191566e+02 +5.535191566e+02 +3.1831e+00 -2.3541e+00 -3.4929e+00 -5.4132e-01 -1.7958e+00
35 0 +6.471818079e+02 +4.242018079e+02 +4.242018079e+02 +1.1918e+00 +4.6890e+00 +4.8087e-01 +3.0605e+00 -4.8341e+00
62 0 +3.752856287e+02 +1.523056287e+02 +1.523056287e+02 +1.0448e+00 +1.2279e+00 -2.5766e+00 +4.3502e+00 -4.3704e+00
67 0 +3.115570183e+02 +8.857701828e+01 +8.857701828e+01 +4.1191e+00 +6.2611e-01 -1.6760e+00 +1.6142e+00 -4.2865e+00
113 0 +2.474711358e+02 +2.449113584e+01 +2.449113584e+01 +3.2430e+00 +9.5644e-01 -3.6969e+00 +1.4876e+00 -5.0000e+00
150 0 +2.469078770e+02 +2.392787697e+01 +2.392787697e+01 +1.8594e+00 +9.6778e-01 -3.2227e+00 +1.6471e+00 -5.0000e+00
% f evaluations | g evaluations | best noise-free fitness - Fopt (5.860000000000e+00) + sum g_i+ | measured fitness | best measured fitness or single-digit g-values | x1 | x2...
1 0 +5.941956667e+02 +6.000556667e+02 +6.000556667e+02 -1.0510e+00 +3.7213e+00 -2.0779e+00 +2.6712e+00 +4.1920e+00
53 0 +5.272866206e+02 +5.331466206e+02 +5.331466206e+02 -7.1688e-01 +1.0372e+00 -2.0128e+00 +2.2799e+00 +2.1358e+00
57 0 +3.246450550e+02 +3.305050550e+02 +3.305050550e+02 -2.9529e+00 +3.3986e+00 -9.7751e-01 +1.8125e+00 +2.2075e+00
63 0 +3.103447416e+02 +3.162047416e+02 +3.162047416e+02 -4.2383e+00 +2.4684e+00 +2.6409e-01 +2.3932e+00 +2.1917e+00
73 0 +2.022939982e+02 +2.081539982e+02 +2.081539982e+02 -2.2919e+00 +2.6125e+00 -6.4945e-01 +2.5257e+00 +9.1002e-01
110 0 +1.425646616e+02 +1.484246616e+02 +1.484246616e+02 -3.7776e+00 +2.5497e+00 -6.5848e-01 +1.9713e+00 +1.4017e+00
150 0 +1.425646616e+02 +1.484246616e+02 +1.484246616e+02 -3.7776e+00 +2.5497e+00 -6.5848e-01 +1.9713e+00 +1.4017e+00
% f evaluations | g evaluations | best noise-free fitness - Fopt (2.048600000000e+02) + sum g_i+ | measured fitness | best measured fitness or single-digit g-values | x1 | x2...
1 0 +8.683236335e+02 +1.073183633e+03 +1.073183633e+03 +1.3586e+00 -5.6003e-01 -3.7899e-01 +3.1505e+00 -3.4059e+00
4 0 +7.570941448e+02 +9.619541448e+02 +9.619541448e+02 +1.2606e-01 +1.0893e+00 -1.5180e+00 -1.6920e+00 +2.0203e+00
7 0 +6.450756407e+02 +8.499356407e+02 +8.499356407e+02 -4.6769e+00 -2.7218e+00 -8.5493e-02 +2.6748e+00 -4.9814e-01
51 0 +3.898986368e+02 +5.947586368e+02 +5.947586368e+02 -2.5685e+00 -6.7398e-01 -1.0419e+00 +4.0548e+00 -6.9376e-02
68 0 +2.577392840e+02 +4.625992840e+02 +4.625992840e+02 -1.3340e+00 -1.8468e-01 -1.7254e+00 +3.3952e+00 -1.0742e+00
80 0 +1.872051825e+02 +3.920651825e+02 +3.920651825e+02 -6.6926e-01 -2.7493e-01 -2.0614e+00 +4.5985e-01 -1.2026e+00
86 0 +1.770328015e+02 +3.818928015e+02 +3.818928015e+02 -6.6567e-01 -6.5990e-01 -2.0586e+00 +3.8185e-01 -8.6722e-01
150 0 +1.667852370e+02 +3.716452370e+02 +3.716452370e+02 -2.1749e+00 -1.3859e+00 -3.0772e-01 +3.4564e+00 -1.5186e+00
% f evaluations | g evaluations | best noise-free fitness - Fopt (1.154900000000e+02) + sum g_i+ | measured fitness | best measured fitness or single-digit g-values | x1 | x2...
1 0 +1.793866349e+03 +1.909356349e+03 +1.909356349e+03 +2.5765e-01 +3.4801e+00 +3.0107e+00 +2.2923e+00 -4.6984e-01
2 0 +1.441387954e+03 +1.556877954e+03 +1.556877954e+03 +2.7156e+00 -4.4052e+00 +3.4589e+00 -4.6911e+00 -4.4353e+00
3 0 +1.309600691e+03 +1.425090691e+03 +1.425090691e+03 +3.7067e+00 +3.0177e+00 +2.2889e+00 -4.2838e+00 +1.4658e+00
5 0 +1.021351066e+03 +1.136841066e+03 +1.136841066e+03 +2.0145e+00 -3.5697e-02 -1.3948e+00 -3.5270e+00 +2.7759e+00
20 0 +8.893830119e+02 +1.004873012e+03 +1.004873012e+03 +7.4452e-01 +1.1609e+00 +3.0433e+00 -8.4675e-01 +6.1681e-01
29 0 +6.900654049e+02 +8.055554049e+02 +8.055554049e+02 +1.8193e+00 -3.7905e+00 +1.7656e+00 -3.3705e+00 +3.4223e+00
43 0 +5.304105750e+02 +6.459005750e+02 +6.459005750e+02 -1.8275e+00 -1.7131e+00 +9.1699e-01 -1.5606e+00 +4.2184e+00
51 0 +1.766385922e+02 +2.921285922e+02 +2.921285922e+02 -1.8106e+00 +4.8232e-02 +1.3550e+00 -2.5802e+00 +4.5005e+00
94 0 +1.123215102e+02 +2.278115102e+02 +2.278115102e+02 -2.3197e+00 -3.2806e-01 +1.7051e+00 -2.9487e+00 +4.3074e+00
150 0 +1.123215102e+02 +2.278115102e+02 +2.278115102e+02 -2.3197e+00 -3.2806e-01 +1.7051e+00 -2.9487e+00 +4.3074e+00
% f evaluations | g evaluations | best noise-free fitness - Fopt (1.950500000000e+02) + sum g_i+ | measured fitness | best measured fitness or single-digit g-values | x1 | x2...
1 0 +1.153864529e+03 +1.348914529e+03 +1.348914529e+03 +1.8702e+00 -1.1087e+00 +6.0683e-01 +1.6283e+00 -4.6797e+00
2 0 +1.000259505e+03 +1.195309505e+03 +1.195309505e+03 -1.4291e-01 -4.4729e+00 -3.9730e+00 +4.8229e-01 -3.8272e+00
4 0 +4.737155763e+02 +6.687655763e+02 +6.687655763e+02 +2.6097e+00 +3.9067e-01 +1.7642e+00 +1.9245e-01 +3.3992e+00
58 0 +4.169885976e+02 +6.120385976e+02 +6.120385976e+02 +3.1409e+00 +5.8541e-01 +2.4024e+00 -1.2223e-01 +3.1732e+00
59 0 +3.270333932e+02 +5.220833932e+02 +5.220833932e+02 +3.2170e+00 +6.4409e-01 +2.4879e+00 +5.7206e-01 +2.0413e+00
73 0 +2.958781527e+02 +4.909281527e+02 +4.909281527e+02 +3.1561e+00 +1.7089e+00 +2.5591e+00 -7.0579e-02 +1.1724e+00
104 0 +2.786942715e+02 +4.737442715e+02 +4.737442715e+02 +3.0559e+00 +1.6913e+00 +1.7722e+00 -1.6574e-01 +1.4036e+00
125 0 +2.000700484e+02 +3.951200484e+02 +3.951200484e+02 +4.5038e+00 +7.5528e-01 +2.4126e+00 +6.7093e-01 +1.5524e+00
150 0 +2.000700484e+02 +3.951200484e+02 +3.951200484e+02 +4.5038e+00 +7.5528e-01 +2.4126e+00 +6.7093e-01 +1.5524e+00
% f evaluations | g evaluations | best noise-free fitness - Fopt (-2.144800000000e+02) + sum g_i+ | measured fitness | best measured fitness or single-digit g-values | x1 | x2...
1 0 +8.211803011e+02 +6.067003011e+02 +6.067003011e+02 +2.7982e+00 -1.1493e+00 +1.8272e+00 -4.6585e+00 -1.5153e+00
3 0 +5.576689996e+02 +3.431889996e+02 +3.431889996e+02 -6.9472e-01 +4.8977e+00 -2.2565e+00 +9.7861e-04 -3.0497e+00
64 0 +4.774309886e+02 +2.629509886e+02 +2.629509886e+02 +6.7545e-01 +4.3497e+00 -2.0119e+00 -6.9586e-01 -5.2250e-01
67 0 +3.549863988e+02 +1.405063988e+02 +1.405063988e+02 +6.4341e-01 +5.0000e+00 -1.4374e+00 -1.2542e+00 -1.0029e+00
77 0 +2.795313054e+02 +6.505130541e+01 +6.505130541e+01 +2.4540e+00 +5.0000e+00 -7.2175e-01 -9.3083e-01 -2.4259e-01
91 0 +2.232656631e+02 +8.785663127e+00 +8.785663127e+00 -6.6856e-01 +5.0000e+00 -5.3288e-01 -9.1867e-01 -2.1037e+00
143 0 +1.980440463e+02 -1.643595367e+01 -1.643595367e+01 -1.2825e+00 +5.0000e+00 +4.7587e-01 -1.1107e+00 -1.0208e+00
150 0 +1.980440463e+02 -1.643595367e+01 -1.643595367e+01 -1.2825e+00 +5.0000e+00 +4.7587e-01 -1.1107e+00 -1.0208e+00
% f evaluations | g evaluations | best noise-free fitness - Fopt (-4.590000000000e+01) + sum g_i+ | measured fitness | best measured fitness or single-digit g-values | x1 | x2...
1 0 +1.982165634e+03 +1.936265634e+03 +1.936265634e+03 -3.0454e+00 +4.8713e-01 -4.8686e+00 +4.9360e+00 +2.8960e+00
3 0 +8.135770169e+02 +7.676770169e+02 +7.676770169e+02 +1.0206e+00 -2.3186e+00 -2.9537e+00 -2.4031e+00 -2.1291e+00
24 0 +7.733901594e+02 +7.274901594e+02 +7.274901594e+02 -3.6859e+00 +1.2091e+00 -2.1847e+00 -3.2212e+00 -2.7605e+00
37 0 +7.029369292e+02 +6.570369292e+02 +6.570369292e+02 -4.3081e+00 +5.8018e-01 -9.6323e-01 +5.8750e-01 -3.5486e+00
39 0 +4.314514978e+02 +3.855514978e+02 +3.855514978e+02 +1.1823e+00 -3.7429e+00 +1.1939e+00 +4.7613e+00 -2.7584e+00
54 0 +2.132875438e+02 +1.673875438e+02 +1.673875438e+02 +1.3016e+00 -1.8221e+00 +5.3973e-02 +1.4669e+00 -3.5059e+00
75 0 +1.504368341e+02 +1.045368341e+02 +1.045368341e+02 -3.3224e-02 -1.6510e+00 +7.2082e-01 +1.8058e+00 -3.3071e+00
150 0 +1.504368341e+02 +1.045368341e+02 +1.045368341e+02 -3.3224e-02 -1.6510e+00 +7.2082e-01 +1.8058e+00 -3.3071e+00
